# Created by Octave 3.0.1, Sun Mar 22 17:40:14 2009 CET <artieres@artieres-laptop>
# name: pmc
# type: cell
# rows: 1
# columns: 3
# name: <cell-element>
# type: cell
# rows: 1
# columns: 5
# name: <cell-element>
# type: matrix
# rows: 256
# columns: 1
 0
 0
 0
 0
 0
 0
 0.335
 1.603
 2
 1.646
 0.164
 0
 0
 0
 0
 0
 0
 0
 0
 0
 0
 0.768
 1.848
 1.915
 1.585
 2
 1.683
 0.201
 0
 0
 0
 0
 0
 0
 0
 0
 1.293
 2
 1.613
 0.219
 0
 0.919
 2
 1.081
 0
 0
 0
 0
 0
 0
 0
 0.408
 1.937
 1.774
 0.256
 0
 0
 0.119
 1.851
 1.828
 0.07700002
 0
 0
 0
 0
 0
 0
 0.522
 1.97
 0.508
 0
 0
 0
 0
 1.273
 2
 0.602
 0
 0
 0
 0
 0
 0
 0
 0
 0
 0
 0
 0
 0
 0.575
 2
 1.175
 0
 0
 0
 0
 0
 0
 0
 0
 0
 0
 0
 0
 0
 0.135
 1.992
 1.74
 0.008000016
 0
 0
 0
 0
 0
 0
 0
 0
 0
 0
 0
 0
 0
 1.929
 2
 0.07099998
 0
 0
 0
 0
 0
 0
 0
 0.669
 1.216
 1.5
 1.5
 0.74
 0.08200002000000001
 1.899
 1.918
 0.101
 0
 0
 0
 0
 0
 0
 1.033
 2
 2
 2
 2
 2
 1.75
 2
 1.467
 0
 0
 0
 0
 0
 0.046
 1.289
 2
 1.1
 0.191
 0
 0.184
 1.4
 2
 2
 1.165
 0
 0
 0
 0
 0
 0.137
 2
 1.613
 0
 0
 0
 0
 0.637
 2
 2
 0.863
 0
 0
 0
 0
 0
 0.5639999999999999
 2
 1.061
 0
 0
 0.648
 1.541
 2
 2
 2
 1.561
 0
 0
 0
 0
 0
 0.13
 1.986
 1.75
 2
 2
 2
 2
 1.638
 0.986
 2
 1.995
 0.389
 0
 0
 0
 0
 0
 0.695
 1.722
 2
 1.652
 1.398
 0.768
 0.014
 0.418
 2
 2
 0.457
 0
 0
 0
 0
 0
 0
 0
 0
 0
 0
 0
 0
 0
 1.72
 1.711
 0.06800001999999999
 0
 0

# name: <cell-element>
# type: matrix
# rows: 256
# columns: 1
 0
 0
 0
 0
 0
 0
 0.335
 1.603
 2
 1.646
 0.164
 0
 0
 0
 0
 0
 0
 0
 0
 0
 0
 0.768
 1.848
 1.915
 1.585
 2
 1.683
 0.201
 0
 0
 0
 0
 0
 0
 0
 0
 1.293
 2
 1.613
 0.219
 0
 0.919
 2
 1.081
 0
 0
 0
 0
 0
 0
 0
 0.408
 1.937
 1.774
 0.256
 0
 0
 0.119
 1.851
 1.828
 0.07700002
 0
 0
 0
 0
 0
 0
 0.522
 1.97
 0.508
 0
 0
 0
 0
 1.273
 2
 0.602
 0
 0
 0
 0
 0
 0
 0
 0
 0
 0
 0
 0
 0
 0.575
 2
 1.175
 0
 0
 0
 0
 0
 0
 0
 0
 0
 0
 0
 0
 0
 0.135
 1.992
 1.74
 0.008000016
 0
 0
 0
 0
 0
 0
 0
 0
 0
 0
 0
 0
 0
 1.929
 2
 0.07099998
 0
 0
 0
 0
 0
 0
 0
 0.669
 1.216
 1.5
 1.5
 0.74
 0.08200002000000001
 1.899
 1.918
 0.101
 0
 0
 0
 0
 0
 0
 1.033
 2
 2
 2
 2
 2
 1.75
 2
 1.467
 0
 0
 0
 0
 0
 0.046
 1.289
 2
 1.1
 0.191
 0
 0.184
 1.4
 2
 2
 1.165
 0
 0
 0
 0
 0
 0.137
 2
 1.613
 0
 0
 0
 0
 0.637
 2
 2
 0.863
 0
 0
 0
 0
 0
 0.5639999999999999
 2
 1.061
 0
 0
 0.648
 1.541
 2
 2
 2
 1.561
 0
 0
 0
 0
 0
 0.13
 1.986
 1.75
 2
 2
 2
 2
 1.638
 0.986
 2
 1.995
 0.389
 0
 0
 0
 0
 0
 0.695
 1.722
 2
 1.652
 1.398
 0.768
 0.014
 0.418
 2
 2
 0.457
 0
 0
 0
 0
 0
 0
 0
 0
 0
 0
 0
 0
 0
 1.72
 1.711
 0.06800001999999999
 0
 0

# name: <cell-element>
# type: matrix
# rows: 256
# columns: 1
 0
 0
 0
 0
 0
 0
 0
 0
 0
 0
 0
 0
 0
 0
 0
 0
 0
 0
 0
 0
 0
 0
 0
 0
 0
 0
 0
 0
 0
 0
 0
 0
 0
 0
 0
 0
 0
 0
 0
 0
 0
 0
 0
 0
 0
 0
 0
 0
 0
 0
 0
 0
 0
 0
 0
 0
 0
 0
 0
 0
 0
 0
 0
 0
 0
 0
 0
 0
 0
 0
 0
 0
 0
 0
 0
 0
 0
 0
 0
 0
 0
 0
 0
 0
 0
 0
 0
 0
 0
 0
 0
 0
 0
 0
 0
 0
 0
 0
 0
 0
 0
 0
 0
 0
 0
 0
 0
 0
 0
 0
 0
 0
 0
 0
 0
 0
 0
 0
 0
 0
 0
 0
 0
 0
 0
 0
 0
 0
 0
 0
 0
 0
 0
 0
 0
 0
 0
 0
 0
 0
 0
 0
 0
 0
 0
 0
 0
 0
 0
 0
 0
 0
 0
 0
 0
 0
 0
 0
 0
 0
 0
 0
 0
 0
 0
 0
 0
 0
 0
 0
 0
 0
 0
 0
 0
 0
 0
 0
 0
 0
 0
 0
 0
 0
 0
 0
 0
 0
 0
 0
 0
 0
 0
 0
 0
 0
 0
 0
 0
 0
 0
 0
 0
 0
 0
 0
 0
 0
 0
 0
 0
 0
 0
 0
 0
 0
 0
 0
 0
 0
 0
 0
 0
 0
 0
 0
 0
 0
 0
 0
 0
 0
 0
 0
 0
 0
 0
 0
 0
 0
 0
 0
 0
 0
 0
 0
 0
 0
 0
 0
 0
 0
 0
 0
 0
 0

# name: <cell-element>
# type: string
# elements: 1
# length: 4
flin

# name: <cell-element>
# type: string
# elements: 1
# length: 5
dflin


# name: <cell-element>
# type: cell
# rows: 1
# columns: 5
# name: <cell-element>
# type: matrix
# rows: 15
# columns: 1
 -2.966600601689108
 1.539743008805176
 3.950377870905877
 2.503620870901721
 -1.415885864923313
 0.4535263223518877
 -3.793205423518587
 4.745138813767289
 -8.052313407924267
 -4.433638516187671
 5.218286692837416
 4.504702520333835
 3.922199016193247
 3.213957891750121
 2.328227317570039

# name: <cell-element>
# type: matrix
# rows: 15
# columns: 1
 -1.605974516365236
 1.237109868743095
 1.670559228257533
 1.539418122029523
 -1.174401897044626
 0.4515072243567161
 -1.664512102196127
 1.688595542999954
 -1.699783747589103
 -1.683451665689847
 1.693526732771021
 1.684798310456555
 1.669555743116975
 1.629623111098471
 1.503968992303778

# name: <cell-element>
# type: matrix
# rows: 15
# columns: 257
 0.04293051270795293 -0.08741741262141285 0.07931536566083826 0.05463926445149964 0.00581657003397875 0.05265122220153468 0.09953082647471607 -0.108453761467476 -0.1245143990707336 -0.00171406986749237 -0.08449040666896272 0.02541868857315362 0.01520182504588115 0.02475680170419215 0.1136030823242471 0.04064377055321847 0.01224580508314775 -0.03444142457115711 0.02421351351483852 0.0374706785763486 -0.01296245504180586 -0.05613030781868018 -0.05225008857929459 -0.1605290363994445 -0.1549571648066209 -0.09164092712651938 -0.07041579688057671 -0.08503211246885722 -0.04639564733758339 0.008500573821352359 -0.1748154603063619 0.06576088507455219 -0.04370570836826848 -0.1350657295026891 0.02017152893407838 0.06079223055246743 -0.08530264721323257 -0.09198221307507008 -0.05813533139330112 -0.1266947123962274 -0.01646988334769692 -0.01509298991495902 -0.04079684208736367 -0.07402629670149143 -0.07565750113553051 0.005103184946252992 0.03836887146023082 0.03656439265957627 0.05613526900357437 0.04856853453658009 0.0154037944567773 0.01021805715034582 -0.07756562593781413 -0.0344120760964184 0.04887489700736825 0.1009238359187881 -0.008295238625717726 -0.05124095781046983 0.04831321014932675 -0.1966382144951637 -0.08103971899849506 -0.2353864650627809 0.02275907249380191 -0.1262608846268381 -0.06189081750154833 -0.0865405553129959 -0.1119741682865963 -0.0002039765347092452 -0.1535410794364741 -0.01796242144807829 0.08595348307254271 0.04433405690097539 0.02335946374943408 0.02814665279402098 -0.01186850449047985 0.010211792118331 -0.09767478874382064 0.02578089454799318 0.1584238839985025 0.09138304201666869 0.04992069971029445 0.001703398504489735 -0.0659837999019442 -0.01965587497760872 -0.001178893132088746 -0.02881264188276058 0.05670041860200931 -0.004697290162072211 0.004442480725680639 -0.04268676240647556 -0.05660164787220306 -0.1379787935393841 0.08006653281251859 0.03426146045207017 0.01584543396083777 0.07900320150008225 0.02260687402289068 0.03362050531108834 0.003164120117523315 -0.1534630524937347 -0.02415234022407577 -0.1419975097219416 0.1028919685679184 0.0612654986426959 0.01164426063115653 -0.03224156072047225 -0.05937965575266499 -0.05524700325554233 0.07093161878642386 0.002168042294784998 -0.01253869554948181 -0.08880962363697489 0.01109757621798353 -0.1109576391530335 -0.02621741835008511 -0.03614349357408301 -0.02112496750420033 -0.05269712082702955 -0.01463063541577133 -0.01279890977743775 -0.07645724010257474 -0.0116557988658315 0.04875751175684823 -0.02303298743726191 -0.05745305710290712 0.00938338771230895 -0.04968283404536476 -0.03905752962635109 0.05278215948253766 -0.1683865147935793 -0.08882002320222621 -0.03375149819846304 0.02214014419200517 0.09684396944236821 -0.008697601765215486 0.1140217566564419 -0.02535159882693384 -0.02715778572899627 0.06654223309700096 -0.01921210731326987 0.08338681017077824 -0.005415112524216264 -0.1321437067333313 -0.07131619281949481 -0.04808776989273984 -0.06796230468304464 -0.04953289728031905 0.001040822927238236 0.05484633927051536 -0.02007235637863918 0.09421001560084431 0.004013414370087639 -0.0966345790146763 0.01941914453718671 0.09665864668825687 -0.04898128566635241 -0.09835824045982028 -0.0003473390754062732 -0.1979947793337627 -0.03312779926515803 0.0967097872531231 0.07718695606436474 -0.04278957167522167 -0.1803986028835706 0.007983786039459762 -0.0743322950881756 -0.08512054652453944 0.03508470519348086 0.07466968341427334 0.08271045906183302 0.08307290484484037 0.0897138639247152 -0.01271829257576634 -0.03036866165282922 -0.04501828846538675 0.0350218186911788 -0.09038932873085767 -0.05891185117619406 -0.143301138443005 -0.1169731074296919 0.06332517059800123 0.04823232846953548 -0.1265028764960135 -0.02112399085923256 0.02304189386319709 0.07014056374654715 0.07108163442888209 0.05384259869798418 0.03860828182582712 -0.01162303769123343 -0.07883477102258465 -0.006371930040041354 0.01817232021322079 -0.06849823540137452 -0.1879610138462674 -0.1084251157926433 -0.07096274210324227 -0.06070971159747166 0.08738120734363518 0.09036876301510252 0.01695573045792424 0.1344302674601486 0.03357226232451316 0.1423412067319932 -0.04129672616637127 -0.01487998939972694 -0.1098976680438429 -0.05593944069678534 -0.005092608667897003 0.09282006782324095 -0.07730189588542126 0.002352557887441236 -0.08818154293827167 -0.1124075689458632 -0.1152049178623171 0.1484047097168343 -0.06118752425029248 0.02693083743708664 0.03660297175960545 0.008052361144034164 0.01989395723114086 -0.02827208662965534 0.01160061288355609 -0.09788575190284002 0.03718361420133915 -0.07062232743110704 0.01897039991666647 -0.008449328037073793 -0.09368466224245882 -0.07923453899733117 -0.07210561055663881 -0.09588064876136046 -0.08398157738908764 -0.1204954513867535 -0.04105409149334659 -0.02506549418544811 -0.01729076060253826 -0.02345922042080806 -0.05665501706257108 -0.07037197808572944 0.02704971155854531 -0.1093273743887689 -0.01744051199032536 0.1177756835169719 -0.02807996398191341 -0.08980227772133571 0.06605611479085795 0.000204135804502889 -0.07204518361029255 -0.0565873006525754 0.0250300813961104 -0.04285834882139673 0.02140046402945035 0.08961895298037754 0.120700246804224 0.01990896585124913 0.06776707350169224
 0.02132711745480429 0.08900183607920112 -0.06993623975438239 0.128847446535764 0.03854556717412292 -0.03869959828304776 -0.0819685225814703 0.001666606687989108 -0.08072714576000919 -0.02506738782065232 -0.03630015222486947 0.1050912870413582 0.07849852930118184 0.08407807281595278 0.0348939779805223 -0.08585392004738493 -0.02049139758858776 0.1448098320817906 -0.03417648309356466 -0.1590588922375999 -0.01998468645981249 -0.07905032171444634 0.0125455204615777 -0.07495785859550348 -0.09896453327844526 0.02519358406067272 0.1182632647661682 -0.06684110809330408 0.04207458910275553 0.02564676752881639 -0.02345119013875187 0.07400878284670928 0.05057274119033438 -0.03101396978426091 -0.005887263694291118 -0.06609870221663805 -0.09117772853907485 0.1133773318910739 0.1204008792422433 0.08293011283911944 0.1294088628696719 -0.0241518582018382 0.1218508626868178 0.1424775360815486 -0.04871417688237342 0.1098808309906623 -0.03714774146581017 0.07455344367026685 -0.07624397218324684 -0.06159546901863926 -0.02041038358922947 0.02043503904551426 -0.03863041651700939 -0.05968737626912624 0.05830933541107308 0.0171798795358832 0.006802497383178356 -0.07032695087976257 0.002185637181239922 0.078831213439608 -0.0006048498923570378 0.01015748068854088 -0.03349660869320421 0.0359786545332734 -0.02374410410270565 0.1000477506024509 -0.01588904929131145 -0.01423287959129951 0.03554631927466644 -0.006093733492792256 0.1511877339251391 0.03643870652218768 -0.002583340268522924 -0.07741028104665849 0.00019647989342403 0.07567389049702722 -0.02096698851644108 0.04890134395106095 -0.01456663182210662 0.05201869850827505 0.07987690877859703 0.003370511650841238 0.04412544326322828 0.05864094302370702 0.08868763693309002 0.1348075651762041 0.07079965106406802 -0.1241201120728656 -0.008094406840526818 -0.09878525615728569 -0.03649412520322004 0.0658778467021414 -0.01951196235309613 -0.01649512162942176 -0.01778845398458784 0.003485268285822743 0.09520036429088506 0.04078780772776977 0.02029610977394898 0.03620712085107709 0.05463365739957191 0.02006622183018252 0.04686553908514194 0.03461146829174813 -0.00947560019786821 -0.03160480341147656 0.07472488355280675 0.07686436151210281 0.02666452472530265 -0.05461001737772627 0.05013908698033157 0.08488118532802345 0.1035076898969938 -0.04941200706647608 -0.06652397355080421 0.04036218968688882 0.05121007200386907 0.01560409014500467 -0.004367846147618733 0.0627219792315296 -0.1705792793073472 -0.07080763150393023 0.05870697768871338 0.08276040013513131 -0.02357098254482266 0.08235331209072787 0.06065514204631398 -0.05349905936294378 -0.05035671030710335 -0.009296075974269475 -0.06038989392317788 -0.05665108767345693 0.02921227906813472 0.0954707208571634 0.1189010331265243 0.02214074500018981 0.01519085021311107 -0.03792189728692941 0.07101915263305178 0.1528250804170445 0.06499842763570876 -0.0160177664924931 0.1052793163038783 0.0275607609411226 0.09407263456687817 -0.0631298163642825 0.05867417855848307 -0.01398254915707953 0.08849774858565392 0.09092751432304516 0.1517233003213827 -0.001777118200497209 -0.1658634913624926 -0.04810101326763447 0.05335398540382927 -0.1212065925154818 0.1595331384279107 -0.04747119266809673 0.001991091556989701 -0.06412026648612329 0.01517321340547759 -0.01692898398753225 0.05522256720660411 0.1170300448925316 -0.06468157759405022 0.03878166608650182 0.03595111312717678 -0.02519890163850439 0.0248439583914612 0.0400704364526861 0.1448575119583952 0.1805852497313716 0.1085930311472616 -0.1651584242854325 0.02472745625043618 -0.0004610396569174205 0.04763396334019629 -0.02089867109131157 -0.07996865976311995 0.0784840868992908 -0.06946557168415145 0.1191251358230835 0.02979798901967063 -0.008830605624787239 -0.02993658864889785 0.005381424966503694 -0.009980812730889103 0.003235829526686727 -0.04888044958008345 0.0195432844891799 -0.08095859995456406 0.05489133057540508 0.01824064425722316 -0.06165362206392036 -0.01847699858963265 0.07253166830104188 0.04957158681736832 -0.009551086323816634 0.05546678045467732 -0.04461307762181977 -0.002712047851512764 -0.09621284649614405 -0.07788205277799398 0.1117874759626573 0.1374859382721903 -0.08407252587685325 0.03958997771388541 0.0196723054456774 -0.0030298332640066 -0.002983934090529039 -0.02571182401586338 0.1355365244605604 -0.06480116521111288 0.03710387124885468 -0.0581546193071482 0.05860825777373079 0.01224495056481863 -0.04933841935603782 -0.08583087364607495 0.05521186422855466 0.01893091238179066 0.04780322553259257 -0.09318555676960598 -0.005788528413472748 -0.004989746032521419 0.02127118501914107 -0.001779227807337114 0.00398082419682289 -0.0986168318065874 -0.06749928106472489 -0.0162906787501187 0.001488444410468372 -0.0577197841372878 -0.1117403041210077 -0.02862475063317738 0.01284022487257158 0.05698266471684319 -0.09159901588740811 -0.0400195283689446 0.07167209649749937 -0.09623811711216465 -0.01778221726930814 -0.03263211193239048 0.03313622769283397 -0.09817204082874842 0.08301845257331036 -0.1084727685789217 0.03269374576179732 0.01626043402201481 0.04562169206780888 0.006103336557264756 -0.02224031865729155 0.01449898967684227 0.02030366927165052 -0.04854793297988964 -0.04716526681659806 0.08688075907470792
 -0.005805053560340966 -0.02119285099952935 0.003129693463691389 0.0544322582237567 0.01806237919013259 -0.02466050097568251 0.03998678942095979 -0.064977915302684 -0.08490887001620082 0.05825033005489869 0.08361578474192297 0.1075482359679189 0.04780204261027521 0.07216017244803119 -0.04202086636935923 -0.0979131704637991 0.0406546494564157 0.03894098047459894 0.07468782867725964 -0.06822937182136447 -0.005055757669520085 0.03066494421840916 0.04539504348898191 0.125039840148915 0.100759725309852 0.131691333608509 0.03533359344730706 0.01232417370855311 -0.07130799626668376 0.1081670127216537 0.04398012222475983 0.07523550484695522 0.1331164454458537 0.04441448057880038 0.08184123261851982 0.003971784438662848 0.06779107016416683 0.02259510517776989 0.08395492951888116 0.007200016407957041 0.02153859580808535 -0.003421224945988208 -0.09541079616352106 -0.009007705513722685 0.07005737217270527 0.1299664055088187 -0.134865669343827 0.09142580529091786 -0.08815085068096629 -0.06058818629779454 0.003612870460953572 -0.07792261704193933 -0.01968469878361212 -0.04173171949228125 0.1307687406450313 0.1412609685358882 -0.02194294360221322 0.08016143470378047 -0.0223789280883349 0.1115329514425582 0.06578367294041372 -0.04031670593559086 -0.00302315378172209 0.04714222526516266 0.05545965554060209 -0.01145606252094863 -0.1007952348091462 -0.02549447521722964 0.1432578816199209 0.01892388648003508 0.02720831507073282 0.106790529490151 0.121677780583467 -0.01666049891109379 -0.08424475386517863 -0.01771108342716311 0.1179272079279007 0.1526509192867254 0.04809319227097882 0.02630060638486731 0.06461610116601733 0.0154242838006334 -0.01319827779330512 0.01301896480491814 -0.01389453563309901 -0.03957473888514082 0.05924128009796334 0.03736868453328623 0.1292569691767687 -0.009650211864863182 -0.1320779255550347 0.04294494156367256 -0.01733258728068789 0.02368052904869206 0.1684426995696773 0.05343817166223093 -0.07085773247462002 0.08084867659983894 0.1928930698322316 -0.08369382180636251 0.06676903129416961 0.01939993991741171 -0.1051433466772822 0.03717050768157206 0.004158926547352156 0.01724291836748624 0.01844038178488315 0.03197553122952852 0.07706303310827887 -0.04705699514976583 0.1241992524378115 0.09668067629180156 0.05656069066829601 -0.04662333749056352 -0.009148700330017261 -0.01527276599121535 -0.06623490299168783 0.02501681236333386 0.1639706597464801 0.07692219175882431 0.04128788131649218 0.01431570720440847 0.07274979602678039 0.002890306964171706 -0.01202307920079235 0.003110173850208413 0.1210971323249018 0.104948904681662 0.07038078773033508 -0.004839982442064342 0.04593365391615849 0.09625280437780978 -0.01767349644773585 -0.01965840727786401 0.1145638097939146 0.08157482891755846 0.1589924408639377 0.06225320400928541 0.06328434045714919 0.05072471058880212 0.03885403021613721 -0.02512112583957226 0.1264074531553466 0.001648876064266745 0.08371115746065959 -0.04787279773784137 0.05835334469447127 -0.004999500652178051 0.07134361031677511 0.05219649493448394 -0.03990367687660465 -0.07952671870289339 0.06988417228970741 0.009970447378298952 0.03778467552074304 -0.06266850943090002 -0.02256682438859762 -0.004494526829067004 -0.005526117311303332 0.1526368404560063 -0.01654075967154577 0.02806952812304795 0.1012130158273407 0.04553344993052396 0.01823489528505125 -0.1067402713894073 0.002830655109904238 0.003712621524603623 -0.07576639055600558 -0.02708022310806383 -0.01490171687690951 -0.02955982655507241 -0.1046005508574262 -0.04358189995295755 0.001059127147097186 0.04130828842960365 0.02445594453367048 -0.06483577524866131 -0.03323872330877899 0.07384820327299077 -0.007792243006967385 -0.02853017571230921 -0.1215418328300319 0.03589750906439648 0.02202152891031873 0.1400265089362472 0.1023940419016246 0.1079078362628638 0.04307604782040823 0.0968332050800061 -0.1042398039862924 0.1172851700498429 0.04979779913073346 -0.07912585449323953 0.01683931523528861 -0.05086100413241858 -0.0395680528832771 -0.07297589637043207 -0.01519057098864631 0.07927453553740067 -0.02937982348178498 0.1065799462239831 -0.01989387228421225 0.04170554619998844 0.08108788721460027 -0.09223718238229198 -0.1041887690612642 0.04951759111841978 0.06689526136550178 -0.0243859903362064 -0.03337862658640443 0.01881133771369921 -0.07023425441268749 0.009368873747725688 0.03658342767863518 0.05682850569033303 0.09239911940335363 0.07184030286720981 -0.01140791634849018 0.03539392637678691 0.08832248040512809 0.06825665449262505 0.1348773719720881 0.1177675731576417 -0.1244719468696547 0.03211459446353482 0.03788335733139551 0.002494634398032196 -0.1156581456508259 0.02812077679674359 0.01073206026897836 0.07421346223328269 0.1156812860824733 0.1130104112454827 -0.0002367579502121342 0.1651717455099719 0.03800681526480702 -0.03418081001474457 0.0582271013648837 0.01712461043625496 -0.03763077546384537 0.01559889937568191 -0.03777579514698087 0.01550543746478115 0.1092339553875967 -0.1590494909924791 -0.09638660484555357 -0.01159774302177122 0.1046356016112372 0.04623700063907483 -0.05044791114022791 0.06339437531037644 0.0688177720134598 0.05513551033834266 -0.0263607176838161 0.07129840808978261 -0.03048064968371588
 -0.03910361540547228 0.06344264266199755 -0.0626550323837058 0.05666469996073546 0.03047316044673533 -0.02341976845200011 0.05231729810680494 0.007112377990211667 0.03781906821294842 0.02807119360022053 0.04671615817406154 -0.01328949312478668 -0.04105294092637346 -0.03390597258286929 -0.1458811247034137 -0.09389821917223583 0.04895813349994318 0.04324743075044778 0.07798140862635194 -0.07292800631368368 0.01553626442859263 -0.03160180100713397 0.1106197658767111 0.1945411953887384 0.1144834669824577 0.05070022963697522 0.06892464870463601 0.0680855673560867 0.02538155505329841 -0.0935478731880299 -0.01249876140536669 0.07188614041789951 0.03962271304884581 -0.09365938661550992 -0.02922468144507169 0.07091816076366118 0.0432696058950128 0.05415941755220523 0.1248481206045325 0.08867263405302829 0.04884658597676812 0.1485908547228617 0.1166658075259211 0.01799033342853019 -0.03549317865075145 -0.06075785184638888 0.01199376194788561 -0.08157816785947938 0.001450727986203869 -0.03492625875288686 -0.1030421074777371 0.06552567863214373 -0.0613187690905893 0.04872900834954776 0.103660688045094 -0.06236739564845847 -0.08393973576429002 0.03006452509930318 0.09748813971409824 -0.008258487103549379 0.03369124229971132 0.106423751447128 0.001726124493161789 0.0189337450478506 0.03476264612084307 -0.05430259077607127 -0.00456985542534084 0.001225745232146457 -0.01360563769238561 -0.09550133065012266 -0.06940700685721729 -0.07364908144873951 -0.0266121301493117 -0.02404223837240158 -0.005766392741186632 0.01571063341921717 0.02409351768348643 -0.0480852435107799 0.03293577550930709 0.1336150892606777 -0.02046258320394934 -0.006429133955791722 0.02233209635350211 -0.1883915239198998 0.08129327297379366 -0.1815546813876398 -0.0509322626432947 -0.1285436028962585 0.05817761727478277 0.04020709371879089 0.0511635201685749 -0.007385463142088708 0.1185925983563318 -0.09021122572163714 0.09051797313585544 0.04457981507836579 -0.02792407032169026 0.04635715092462048 0.03969153450212901 -0.07678887540430399 -0.08789877030470182 -0.1196377938417481 -0.08084795092203879 -0.04835644947595738 -0.0517025387952136 -0.03040114705700253 0.0436476934221026 0.00389367712676494 -0.0376900453944216 -0.120613858901359 -0.06477404277750365 0.02404667457330758 0.02989434550368498 0.112135737594164 -0.0153158154849769 -0.0949369273181891 -0.0324422640341039 -0.006628295105607434 -0.09809820735319126 0.005537340781151745 -0.1963837830819605 -0.1680640258580696 -0.03541223314601298 0.01396187717253756 0.1446799136869245 -0.01711169101240446 -0.1919884964557149 0.04105152106561955 0.01067578061388853 -0.007270037830038887 -0.0633037085029426 0.02188095877758655 -0.06512455787489677 -0.001935419761221408 -0.04240970244359805 -0.1177055141987189 -0.05402265570241569 -0.08102957269458512 0.01236665869597263 0.08466052114510243 -0.134360986593876 -0.001278577781779877 0.01984754359421613 0.0576749609515179 0.01569162387139612 -0.04138694344428014 0.0785587450301881 -0.08807828817573406 -0.04986218743553805 -0.0692419198783077 -0.005053883196716972 0.0298949213746011 0.04034102734722906 0.05661601198115961 0.07861657532786447 -0.006730180449996583 0.01882332621477049 0.1282854004877559 -0.04156687100255601 -0.0350019864818556 -0.108366292535301 -0.1048948919639983 -0.01846306849467896 0.02250363266591453 -0.05436267654691256 0.1036563621114162 -0.007414630224312852 -0.02937625135459545 -0.0397186259160431 -0.1094171486663135 0.1564453128662575 0.08551292058082038 -0.01060598235336147 0.02155855604460861 -0.1232819578438525 0.0937731414774227 0.1245823267846763 -0.08526134521572577 -0.06427816852333879 -0.002803563761907223 0.09729550095338874 -0.06642530984835918 -0.01886011842849563 -0.01279267432068883 -0.01246795755878422 -0.1076472789564159 -0.04047740098333872 0.04001343084484293 0.08012732823995443 -0.02269173741744777 0.03753662771515155 -0.08660792639013518 -0.01181258493402575 -0.0608255692663963 0.03524689075053354 -0.006858400448614385 0.001341802859253723 0.005681614743930029 0.04429014558831131 0.02026051323232772 0.04903906153818938 0.07734108623741515 -0.04641793400874705 0.08832526701482796 -0.0702764539623614 -0.007200400370806896 -0.1186429234502251 -0.07644037987553561 -0.02786013151865662 0.0672153487252771 0.03083352635157083 0.05654718884583289 0.007685712809778309 -0.04358241075643646 -0.01908286578011638 -0.0557797698391068 0.04622401202838858 0.05366629458787553 -0.06049331337294336 -0.0486266654203051 -0.01106713230593993 -0.02394804326509612 0.0002570831673332724 0.1058588050856425 -0.02795453574548894 0.07920838000838933 0.1090134584072026 0.08076483440126923 -0.001777644414383046 0.01572924997219136 0.0005107242251906441 -0.04477379125949334 -0.01945583596475545 -0.0808368488624121 -0.09882397725489957 -0.05676933902127339 -0.06262134471401146 0.03460123897182879 -0.03423078899380041 0.1009201292109495 0.1179909525000732 -0.02414163181849214 0.07642652598928841 -0.01322550952941667 0.0324502341393249 0.02285263652430733 0.004979681554816665 -0.003013967886102684 -0.1263730154868372 -0.06877550646259022 -0.05176949152352035 0.002159101198839482 0.09491502387271758 0.08716349771879432 -0.08115867404437367 -0.03515044221095615 -0.002073078107324166
 0.02151893207753253 0.002989558355650195 -0.03230587018234946 0.02133221072055285 0.01351864003586651 -0.00107194820306956 -0.03141736723142663 0.08444377546919145 0.05367820176586684 0.005906256526626874 0.02938904108068839 -0.04259128808253407 -0.005212009354985695 0.0774880173760203 0.007754088801159846 0.04751995196010766 0.00229243781030835 -0.03033094708071304 -0.007417337395929645 -0.0339399038760332 -0.04573174283312545 -0.1506841441702888 0.05197932256662328 0.08357720616185976 0.03224118154786094 -0.0973298806320661 0.05012046876958325 -0.07762754203310664 -0.08217301315041151 0.00550589998397927 -0.02573251586517579 -0.03069775521488829 -0.03644232319211314 0.01629409210804087 0.005289049962235498 -0.008485179874517848 -0.05124490162520477 -0.05873052253632426 -0.00442529168731735 0.01524186113090198 0.06691797126548761 -0.06862680770210583 0.001602676670382434 0.08923174820534036 -0.01564737231513582 0.0192973553785828 0.06635424414474071 0.03312159095277977 0.06196879875148059 -0.06906771553945847 -0.05245397260132535 -0.07740968553625499 0.01944622885598936 -0.006240528777482056 0.06036707790290738 0.06900660689876097 0.01805841644874839 0.07353418356014525 -0.03865911914658081 0.08196924053035452 0.06635679458710175 -0.01303860956983925 0.06639921226663933 -0.03991258387446704 -0.01292782411837151 0.09769273652859455 -0.03155466909328391 -0.001256466525852246 0.04994248111729291 0.04449911700365111 -0.08662151679089812 -0.02972924809459007 -0.0708868536529587 0.038282372025346 0.07523550497637789 0.02581718027197032 0.01250066307329548 -0.02564753611273514 -0.00560274141956566 -0.03937868720390083 -0.0349181973707101 0.009955798553250411 0.05974967584324401 0.001454722176810457 0.1145008825741923 0.004060924820298443 0.06272096597676209 0.03366126535779373 0.118765419067691 0.08845935251014607 -0.0009493326600695197 -0.03832231232588154 0.04896224378686712 0.05012041715823822 0.02436459055686709 -0.07200718017811093 0.06790468304739419 0.02617392472307217 -0.01499457267056904 0.1006841598898765 0.1194378560681592 0.1699359516838282 -0.01531755494905012 -0.1142138910242364 -0.04141750704987875 0.003833742144702368 -0.08823239590290216 -0.08340308681471623 -0.05000900159224109 -0.06407464359315829 -0.118894952114595 0.09429985026121052 0.05112961545085318 0.01618000917209455 -0.009977387917383743 0.03317788523038973 -0.02982735623439084 -0.1119763642899789 -0.04718162918784612 -0.09055954120945046 -0.004445183662161981 0.004652974829178661 -0.1296735121420956 0.02368499824471876 0.009015048012348066 -0.04115447155575436 -0.07992907480528144 0.01055554844088168 0.1449871586095736 -0.02968385503408765 0.1134973652957674 -0.02544549149623973 -0.01395640387271392 0.07528197853793075 -0.06378314965049675 0.02926724636456783 -0.1465209116124844 -0.006503163239618935 -0.07737774447379885 -0.07829994073748024 0.04489928257090225 -0.1019239390484454 -0.01438577558898653 0.03930996688769361 0.07924333612972381 0.02208220475612421 -0.05484520294325822 0.09527703945058505 0.07377041793198651 -0.01332362842012122 -0.1116051001286392 -0.008700544430080585 -0.05531980333879116 -0.1467968431662283 -0.09226123943852647 -0.1875883505230679 -0.03875879333824139 0.01054365074760689 0.0107486019968838 0.02536037951766185 -0.01255734971238704 0.07066569769451687 0.03042871442657875 0.06405151645812528 -0.02759789273558663 -0.02031597584685179 -0.001023366477242656 -0.09306388078814462 -0.07820791572833459 -0.0605728348038194 -0.01874865939842794 -0.1355311155629582 0.08863859031935988 0.06808754957501478 -0.01361800044555408 -0.01840888386933454 -0.04343046442570162 -0.07757002450114402 -0.03495618189577822 -0.06831452495653044 0.08283941068462622 0.01622437722350961 0.1714350888234715 0.06071238204514524 0.005182144337559215 -0.1610431542995594 -0.002498682357685804 -0.07055833242672803 -0.004136590609926366 0.03500886810686222 -0.09419986967118242 -0.1270381586571458 -0.1018081080673445 0.08029776898887112 -0.1438032736180391 -0.08319047282355027 -0.03419110695651089 -0.1023134341553329 -0.0705993701264406 -0.1134565978284106 -0.01419314672485543 -0.08694558916553342 0.01207802324532826 0.05701029126521704 0.05726777588901379 0.03785906679535084 0.03304417234851968 0.04722223269103126 0.1010548992967941 -0.08061693953102826 -0.02294184989618953 0.07046280067089418 0.01228725989992151 -0.01130413036014636 -0.03486511640582316 -0.09034666795831542 -0.07238238486111398 0.02111246658934605 -0.02310802429900874 -0.0430817987728124 0.113102978561353 0.003329917972669949 0.01734398268218776 0.0515462382335178 -0.003226696006176569 0.01032049808005144 -0.1059116942192771 0.01658644506825395 -0.04664958850260369 0.03699994412448983 -0.01867362117106256 -0.03727711627743199 -0.03961599477195622 0.06641980350497619 0.0318258928568692 0.03241586480119937 -0.02897946175058222 -0.03300230845145338 0.03817959441711225 0.06896860097728957 -0.03258687425474042 -0.03485011775116334 0.009787158865010416 0.02902542282127511 -0.04754310300296331 -0.09772744861054683 -0.009929383622817298 -0.01783873164318467 -0.05016315021824905 -0.08628960493712688 0.06397926100990324 -0.05757972113100056 -0.04335781576731521 -0.07653470586546419 -0.1061814548102445 -0.07874982683754457 0.03446997646297156
 -0.01256286398087891 -0.0215920740950883 0.02613514975876028 0.05301639136603189 0.09020149091450066 0.07346747101402347 0.06354878390330977 -0.03311129110640804 -0.1106432533371528 -0.04724052321648026 -0.01915956725584243 0.01562687509409579 0.004670542709513939 0.03215174348560809 -0.01875729305935004 -0.02380832175749128 -0.05319312625911157 0.0917751261147659 0.01880090563942537 -0.05142267871310009 0.01779520422614436 0.1019395419789971 0.03621954621786027 -0.03635552602760751 -0.07161973098774058 -0.1023302515801121 -0.02509386289027916 0.00777524266215806 -0.05127862848190074 0.05736344030449664 -0.01016308545265721 -0.02587978517236156 0.06033947272991062 0.1153081325615603 0.02289344799855181 -0.0635436478094953 0.03720386516102671 0.1309406505543813 -0.06704327083155971 -0.2036347433108455 -0.07229770147751437 0.03807675044534817 0.1343900718463734 0.04433456267037753 -0.0565454909083553 0.04779628894857299 -0.1110922190340211 -0.01540065760764325 0.03521088273397272 0.00694468982812672 -0.05508115071960606 0.02517896131518979 -0.05204771631533643 -0.01428295973195284 -0.0310412625885151 0.02175333586789098 -0.0164930995541175 0.06010378389924611 0.03249010964491519 0.1019834962944041 -0.03972544234422382 -0.05063574508923644 0.003918272620316294 -0.008689628610539273 -0.05662636554197596 0.002548576831335709 -0.08614782357434735 -0.09060207330479046 -0.0288111926368602 0.003802105121647006 0.05341083294486254 -0.04042546349366383 0.01124566568597382 -0.06685839183529399 -0.04743483905863955 0.08560707841058252 -0.05154799964638448 0.0796877716712228 0.001318036656365943 -0.1577174067076866 -0.07210531255341225 0.007951603386611458 -0.02439146899079758 -0.1044796320183108 -0.05686042603497726 -0.0381375059674977 -0.04359863403381232 -0.02745107223798638 -0.07860163487674016 0.01441700234096337 -0.05377014992194491 -0.02340262521012843 -0.03161393249468351 -0.163952091613499 -0.05913699683769583 -0.04132857577238731 -0.009321345633377652 -0.1103219914962879 -0.034285748447153 -0.01865201396638368 -0.0192759573172818 0.01766225725279809 -0.03928952737125264 0.04813154267075734 0.03887328725535967 -0.04203740765634121 0.03209584302235222 -0.05039904597383483 -0.08393874563054746 0.06966408982607951 -0.01958708632195287 -0.03491029204549841 -0.2110402562339994 0.09010308217933276 -0.1537759815699061 -0.0608113907428711 -0.04479856753681841 0.04877125480008163 0.03305156054021383 0.05480904228963084 0.07118348310612393 -0.04881575685919937 -0.1859472176004375 -0.02857671263105348 0.02615728763100128 -0.0659809580362692 0.006461090592014486 -0.06770090439199526 0.0001011790420914361 0.004844340295924433 0.06852376432590813 -0.003135440142295053 -0.1072556054144929 -0.1516166527842621 0.03159049171931731 0.0834452465588511 0.04230299355228995 -0.0452961349232289 0.1059867149532782 0.06190157388843309 -0.005613812618290468 0.02829787070471869 0.1815589816712742 -0.0217710582930052 -0.04094795587403751 -0.02671450905661573 0.01672735144929601 0.003688742815981673 0.003029997317377174 -0.09592300332307324 0.08891062685915263 -0.02220240557234766 0.01230542709609185 0.05879608800272389 -0.0116049536400618 -0.0009771506974274981 0.01804898990493333 0.01480248190340515 0.1259402101876489 0.1206795624168825 -0.01917882587444856 0.1243399879475116 0.08352394621514091 0.08630759033057546 0.001798240965581042 -0.01072908797224297 -0.03150764993347457 -0.1460383738259727 0.02809445269125881 -0.006743772446243959 -0.05731821811239829 0.06994453299306888 -0.09172865354856598 0.005369353158120672 0.02258793962951402 -0.02681034656785321 0.01567806832109735 -0.02328677985342117 0.1665789987963532 0.04255128901346851 -0.001677802986628034 0.09447395385526856 -0.03149801617615351 0.09103435340735411 -0.06125284390858036 0.01770424668773902 0.03122634352696886 0.05246452653266841 0.1395402126283898 0.115154368229365 0.1051758734954139 0.1191173379389429 -0.06589779051931777 0.009492303319741794 -0.0212622349516647 0.04234478193306081 0.06952501101654884 0.06241475261102566 0.06400318421557386 -0.02372451117609336 -0.1284534711323214 0.005859011877740713 0.1095513715660737 -0.01515615473876195 0.1055826817210705 0.07447900091007269 0.03593403653139293 0.01434066349788679 -0.05061462748499492 0.0270309156230198 -0.08828858340005753 -0.008387985126766999 0.02928313369780653 -0.05122383169931691 0.01812094689559321 0.03177454543188667 -0.008759062974853633 -0.0009453207287787315 0.05612528125619393 0.1411346385941959 0.0433063662532332 -0.02112613945183887 -0.01403802345294216 0.06905777639862987 0.0638579979718531 -0.06121041613404384 0.02288096002607955 -0.05721544960650182 0.07580468446796239 0.01967864783658327 0.09126885227662443 0.04690755148417353 0.006787983148247393 -0.01737801531681308 0.02321202139004894 -0.1440687749898917 0.0398470000937977 -0.1044640443921296 -0.05578954587630251 -0.06713110249491254 0.02438856575860157 -0.01897474731618872 -0.01532296615396824 0.003515272359270972 0.08130837086126308 -0.08371603917785445 -0.05102687670172982 0.07564678325857761 -0.01636138114593193 -0.01764291856212594 0.05508243161709569 -0.09244582572275807 -0.02601851374652406 -0.139575632366932 0.0505435795610069 -0.04264156135184281 0.02673989178088906
 -0.1793339004404897 0.03722478252161155 0.06049771878278065 -0.0796732009923191 0.01456497542605141 -0.06395518553119178 -0.08977465407620784 -0.05761374941151192 0.06528576457083578 0.009080130281665523 0.2456552097340741 0.008660963551271673 0.1812299949704198 0.06740508673728152 -0.09285521424386403 0.04317948364330319 0.07360356058680548 -0.04599464338680113 0.01373632690711409 -0.0200748682126642 -0.107539234287619 0.003451952141405531 0.09759225268219175 0.1224197842008172 0.007745317094126175 -0.05894837400806249 0.02573717633178126 -0.003810053372971213 0.03387699046382583 0.01113361600317358 -0.01811385224858015 0.08424053034277694 0.04380338121503211 -0.06429424031260159 -0.1489993513825468 0.01251019826001572 -0.02052332195671596 -0.02207827061117556 -0.08778652521525296 -0.2203960826843656 -0.1194682577501552 -0.0969128897825503 -0.06821768100678889 -0.1320556584997163 -0.1322048975871631 -0.076819430339494 0.006567731803608014 -0.0004402122185529774 -0.0001885008477114276 -0.04692807000400519 0.005860690147237531 0.1072416553149071 0.1087654774311128 -0.01752580374175328 -0.04941262924587246 -0.2228152768361621 -0.01418037417125474 0.03052589388477916 -0.0169776906156533 -0.05765810457843719 0.07358190381425907 -0.09689545307588159 -0.08638893430674059 -0.05318518322448255 -0.0303903363342177 0.02066677042332339 0.09860270286533604 0.05058341986656774 0.06863845420825164 -0.09583656340431565 0.1044498523603983 0.0177297961389691 -0.08350964012903585 -0.0814986515097937 0.0553549443055132 0.1173591017591996 -0.175829598856848 0.04322100194366686 -0.04243350421845198 -0.1136464968149984 0.01454631964233897 -0.004806272848030969 -0.05780368980275814 -0.02759107501592993 0.02325384013495038 0.007225502694780751 -0.1367580590715145 0.1479020544825366 -0.03118751572871498 0.03217526656717374 0.08261991580804272 -0.07131475582404985 -0.2116497122153526 -0.1417478187510438 -0.08183116256786205 0.05289566334190139 0.03419103517260191 -0.01085364967004682 -0.04599149384551653 0.005073483573774619 -0.09522161263871105 -0.01525350318067073 0.06515209879891708 -0.1162908899477749 -0.1966210326003014 -0.004718952334169058 0.0440379629626422 -0.1883778575800045 -0.03136901235510522 -0.06916008418604586 -0.04536270836494281 0.007350051174503716 -0.04593574909821455 0.01223888715090335 0.0922974931406934 0.03706685373558584 0.04042073902119778 0.1888880556178429 -0.05862445057986074 -0.09310697865563373 -0.006304655611457407 -0.07527780786311475 -0.005986524427245534 -0.1567791797741097 -0.08541877203610129 0.01903885214702117 -0.0994617609381674 -0.08758109191321013 -0.09145569186012474 -0.04487086059726701 -0.1159268644251161 -0.06187081447662419 -0.0005157251093712655 0.03520324480660953 0.06536992928728594 -0.01394091326811909 -0.09939613589573958 -0.001287016349803539 -0.1385280706542087 -0.1998872541777914 -0.06797629017272083 0.07106909957515255 -0.05034759344125183 -0.2256053781791006 -0.08524206353865922 -0.05734656730682985 0.005810451114693683 0.06336884591958362 0.009409739257975544 0.03877433291007196 0.01358807293164958 -0.001656661043620308 0.03744486342703122 -0.08747506442021344 -0.06361586304204095 -0.04489624497660166 0.009972939294073804 0.06241247341206232 -0.09425569777087876 -0.03074983785199466 0.04462275780205822 -0.06821574309313798 -0.04806779692929791 0.007603427481401927 0.04025276539393886 -0.003933848926158742 0.01257222921176362 0.07480089916380452 0.07675374296779616 0.04673826702791586 -0.100909608563499 0.01464023883983833 0.03784461626401009 -0.1167788941365622 0.04166986571975249 -0.1322904896138453 0.0300248240552127 -0.1089688851216319 -0.0152909739046388 -0.05785585513673179 -0.08817306293688391 -0.07786626301020674 -0.000313385757139331 0.08213139074140369 -0.07829531042785033 -0.2057478408849535 -0.04862050142786283 0.10520326640761 0.02671977523095223 -0.1586986193679603 -0.02401792451106532 -0.06776215801694785 -0.1596115605112206 -0.01669930777698037 -0.1348979402953016 0.001588942339273839 -0.03163737583829188 0.01437334455974761 0.03740999760205923 -0.04365771637772044 0.003414204839668707 -0.08322479516986987 -0.07808697818407584 0.02937423649815406 0.09440783451558572 -0.06609156330422573 0.03490456304554584 -0.01314493363635173 0.082980148312554 0.03275692146081525 0.007199451388360437 0.0855444733857903 -0.04396674205837132 0.01993011186349057 -0.06719338637217173 -0.1329052608612815 -0.04356319948607225 -0.157234661904416 -0.01766275076866726 -0.1039433186377741 0.004142883554660774 0.09744886627151493 -0.06330454541556367 0.008713903212186075 -0.007572448863515771 0.03832214519756987 -0.05749508563110173 -0.05125909800988919 -0.03448549898098208 -0.1825290305238209 -0.04255838632815784 0.08387036998481366 -0.04030096036265953 -0.121928360761876 -0.1393822253318448 0.02731853629010841 -0.002720480866237921 -0.004604690179404856 0.02352921636206402 0.009088139485993867 0.01622028309558501 0.02616198614404918 -0.0913019036748943 -0.01188401780588112 0.04977384901738742 -0.06542477451380647 -0.04676460868275108 -0.09195485252669024 -0.05938009280509326 -0.009603626768900052 0.036222961806879 -0.01038013880522795 0.02070311414856717 0.03110503650295381 0.05825454143845297 0.0677741271293487 0.1528881674900709
 0.01294177410792866 -0.008375245783619875 0.02482509945812852 0.0217785011767935 -0.03004471191576003 0.06190661857639109 0.05216361957729748 0.05947897114291543 -0.05737504794859116 0.03043649620104039 -0.08008055760832943 -0.0714317990680315 -0.1945280736946348 0.1216494899350946 0.1226867289756415 -0.06695498269223561 -0.09370816050143894 -0.09462655429926153 0.1076577315857733 0.03445039038939722 -0.04735448590027844 0.0305933089331891 0.04884773955522926 0.1843473588921442 0.06882185920000736 0.1307646910969797 0.1385800696105364 -0.01909027349725266 0.07770342151558308 -0.01521632682888219 0.05444164484090094 0.01098830018734863 0.02253670374991743 0.02462823701773456 0.004228574291322103 -0.0700048613800647 0.07175531041830437 0.02430140215290881 0.05860845267571124 0.04303268823433212 0.172408582801262 0.1479965640206021 0.03669553609449798 0.02247890638371889 -0.0388187342028256 0.07556858382756516 -0.03255860855310021 0.01957106579904077 0.1696554084720069 -0.08469982584563607 -0.05136639857700105 0.0300173074104638 -0.007849297011240311 0.04582209129489919 0.08696580325082391 0.07965721212236124 0.04016541518536987 -0.02122528743860656 0.1124286885099711 0.147743464582527 0.1203375796433508 0.1290565656939951 0.03052920787030626 -0.06767951533580541 0.08493949458011631 -0.004915159423711664 0.02420870777589933 0.05210985747553336 -0.02978065689858293 -0.03193632304737286 0.1209916279865343 0.09248968157633201 0.02470721031799601 -0.08066695884590969 0.0544607886651261 0.05209906621827234 0.07465617298535721 0.03840893669064403 -0.01894858294016237 -0.05377572974013587 -0.01594201459150259 0.0178952420045793 -0.02035120597521014 -0.06252746843012348 -0.004366064386349252 0.01393716490823438 -0.1182357878790498 -0.06350869363332173 -0.004621301206190734 0.03806193579967215 -0.03864296613906917 -0.02649041376731955 -0.01525213567734813 0.05357634130513384 0.008362956141833832 0.0164682395538926 0.1154056286034452 0.05292960254211965 0.01500807642536249 -0.08252695309315082 -0.07686627512122221 0.06973978570748741 0.06586525512849233 0.01047459263254879 -0.04930118260906395 0.03008720415242465 0.02640352179165649 -0.05272674204944831 0.003234208261646158 0.1153033021938315 0.04487255275299989 -0.04026783956701911 -0.01718614583111151 -0.05825076457573578 -0.1159821209720251 0.07830667676105425 -0.05785402432765799 0.03152576601794772 0.0290415442366435 -0.007425343179219604 0.08693559619786369 0.1200365164403178 -0.02534181941896767 0.02720327945283087 0.07449353246507047 0.02717669758879212 -0.01492353667065137 0.02348205152263849 0.08617019713013134 -0.0188592722937968 -0.03063413421835512 0.02923806114696367 -0.02102812649148291 -0.02489013999206719 0.03683449116315986 0.1000911970019677 -0.07880758519540371 0.01427978796008039 0.1339589948322024 0.01433054175228496 0.04850205402179109 -0.01341921201687706 -0.1002718975471044 0.02080066902124076 -0.07023123641762725 -0.05014477838881961 0.07123241691870985 0.1070396581781619 -0.1052837991676424 0.1370933575477268 0.0641330498689122 0.1501090176944378 -0.02529238411937019 0.04683608592379482 0.018141651524517 0.03171917754758435 0.01003410864530982 0.03880929923281289 -0.008505035085472746 0.04912140255138824 -0.0609969608442728 0.0129166789840404 0.06155933108910588 0.1649459581709632 -0.0299749934964253 -0.05083240094467203 0.04585133927627007 0.04480675399479508 0.00825924423952722 -0.02217826189935266 0.03422607160147241 0.0348650570286167 -0.01827504382328699 0.0519834783711789 0.02750465801988403 0.09805600953038301 -0.06967667833127691 -0.05934873252410273 0.0195052854935373 -0.002788023781290742 0.09035617600122763 0.07694642121885005 -0.01225187640539531 -0.1635444713412541 0.02924500898996973 -0.08727203531975899 0.07584335496723078 -0.01011967291565095 -0.08492228624044403 -0.03926540883204076 0.1780170799490987 0.05830258668835459 0.01383793945985979 0.009182776958902657 0.01805099920399613 0.07524354401394634 0.01417596504663119 0.07866621640367201 0.09368087625053872 0.04016367164664729 -0.03838683249876178 0.03909443051619368 0.02373902133035728 0.06962502616802295 -0.03874169171055795 -0.0003589969964062391 -0.005248571533376502 0.0122711365889443 0.01592600543361905 -0.01679159872181791 -0.03077512371388852 0.04613718400177431 -0.08122031590167329 0.03755814822798505 0.02824952009554868 0.05533409343159069 0.1010976778614508 -0.02574478760057463 -0.05111621353726839 0.04312121449883715 -0.02948812561154986 0.01467577639010762 -0.03933776986685385 -0.08356473595693731 0.07770211997216256 -0.0150512420545635 -0.1311347915352156 0.001353858304350415 0.1403959112741958 -0.04300761709432671 0.1432422951737944 0.09202609068765676 -0.01712396397018165 0.153598046732226 0.03646869436794186 0.071195575411013 -0.03807181320006586 -0.02190291037750697 0.108294939220603 0.0429270554683589 0.01925218079698946 -0.07270914576676543 -0.02928669729406473 0.07046939889527164 0.02749204735797255 -0.03618213980633923 0.07542844898771837 0.121889248714202 0.08726238582983631 0.01366598186179277 0.09742557137547671 -0.02985962217569708 0.1553437324974482 -0.1084147380898647 0.0960587412333594 -0.03793909803726872 -0.01195686978929607
 -0.1157568658818798 -0.0454444815721315 0.002753906634355539 0.008161759301824018 -0.05425707539893866 -0.02727651010862439 -0.1574097560452409 -0.1304112026251521 -0.2571936360272004 -0.1249989781527811 -0.02513294244708961 -0.1292921307091354 0.03734393630869298 0.0933738195241845 0.01068806071929541 -0.03787096283032664 -0.1198634301196239 -0.03674159175753205 0.1313029232852225 -0.01903318045252983 -0.1411120264039072 -0.1745263622022654 -0.04341759842289445 -0.1992404831996269 -0.1790816811204789 -0.0807434756661652 -0.2240150504181868 -0.1604238844445364 -0.1061701281336223 -0.04122013155286528 0.02505476993351576 0.007353625375012367 0.05547964276002388 0.0249326638702759 -0.03100857969717628 -0.05161886766445708 -0.2336530362828506 -0.0938354421442508 -0.05264181890380967 -0.01911524646617867 -0.02343740754414295 -0.08002555166855436 -0.0768058681387907 -0.1045757009396211 -0.03734694093416832 -0.02489074343840732 -0.06154261289379809 0.06520445798798108 0.107129089538013 0.02147361367290209 0.1073632384153248 0.1103705355961596 -0.005033900289853252 0.09973994664402422 0.07230250453000259 -0.0286050643326086 0.001497918082076434 0.007515530990860092 -0.01420723896667745 -0.1471893279289201 -0.09906162417432191 0.01077339728868846 0.01629220854648116 0.04028747476659348 0.1397473798209435 0.0512126288166623 0.06830822078397572 0.09694144981222209 0.02282430076196908 0.02496825770780248 0.04039157530116284 -0.02254887825260408 -0.02067437449873204 0.03715366648596489 -0.07578379049582036 -0.04665633788532834 -0.1232908802586254 -0.02548961437663901 -0.09273565011808273 -0.05280676073316171 -0.009331274154073598 0.03397143883118176 0.01066398797432912 -0.08439014820615229 -0.01033877156482615 -0.04424319373400624 -0.1191787957515052 -0.1499907979680445 -0.1175139932997749 -0.1412570899283231 -0.1337658736752079 -0.05037753244876049 -0.1391346400600766 -0.01294624673149201 0.02324351880718356 -0.05833985170600881 0.08687297884832432 -0.05891493238809586 -0.01790589081266048 -0.001229132684850689 -0.01699713395240509 -0.1540846553161412 -0.1948766599744101 -0.07919813210878367 -0.1164139858830468 -0.1807276489450405 -0.04537271383313572 -0.169260914528856 -0.2372775495596668 0.04581789130445661 -0.1310414793960348 -0.05474005783626648 -0.0810338048212719 0.1003180673157147 -0.006907815719404203 -0.1012613447911831 -0.1427609727217004 -0.1362666231733234 -0.09326628045412326 -0.003518527258518041 -0.07502018252417447 -0.07133630800196697 -0.09993216255167556 -0.09828810011330147 -0.1241133660756279 -0.0934744190073238 0.0190213130515394 -0.04002955853980986 0.06219840565401183 -0.03056497927810486 0.01126181462292776 0.08843976625015113 0.05946392222499954 -0.1364700354960336 0.09333162950593861 -0.06574385709598138 -0.0949105327695845 -0.05774251848022609 0.02632540255169887 0.05419762584133907 0.01478882338318186 -0.1052012442413429 -0.1628588335694462 -0.09935107900822295 0.03380858477393651 -0.02675811699776071 -0.12282389020607 -0.0413708813884654 -0.001029119275333308 -0.004621863747027699 0.01831721105069811 -0.1511253060831516 -0.04284438956673072 0.02840122634371277 0.1310960136849839 0.08855906893394178 0.01091593017459228 -0.03787137078654412 -0.1849710693051524 -0.1644404738506298 0.005329263278729785 0.02128040702863184 -0.009719509026633759 -0.1329877494877977 0.02382550512571662 -0.08979125214301867 0.07562257006419401 -0.007871422591995147 -0.01129891573460322 0.03262359167586091 0.05932231101120669 0.04135573196002063 0.02923755704158973 -0.08615840136095697 -0.1651463013337593 -0.1061151722572662 0.02349643993010641 0.04631256871314978 -0.1167889615995533 -0.1385110325624509 -0.02066159769796842 -0.05978095816845941 -0.0125050476776822 -0.107564804326064 -0.02858436304846321 0.002866726777870041 0.03016076281841556 0.02176124134727558 -0.1073759128501538 -0.09443373932854938 -0.1599175193939335 -0.06680402481710691 -0.02754811071048566 -0.006211997640646489 -0.2093696481754138 -0.1108343847851918 -0.1255767203657859 -0.08754258726741798 0.08314564405213436 -0.02102849770979636 0.08510928647812828 -0.147733493593551 0.1051761284997667 -0.005018770491592891 -0.09781581462400048 0.01332377167737724 0.02618558015222045 0.04755598897873704 -0.02963956082453147 0.02755686079857652 0.005161834288491009 0.06577638552549915 -0.1655589641684017 -0.0356920899414086 0.00537056945362909 -0.04533902666285135 0.02003161463795904 -0.09871081111364294 0.003912511657969633 0.01262546545515792 -0.1133794907690928 -0.2058819428960148 -0.001061217979498042 0.02773309132387745 -0.03564598000921102 0.1155552230523538 0.04419639892996843 -0.05714168994585044 -0.1215282499421804 -0.1799799766926049 -0.1700741091698326 -0.01916576656294914 -0.06880941746513305 -0.03391166180497532 -0.02672867040663274 -0.1659311027686563 -0.06036681841964134 -0.09991656192540574 0.01219419663737056 0.06485116231225922 -0.03592347786866203 -0.08112181171876459 -0.0404389857594501 0.1368214800345279 -0.02120965728624043 -0.08582551181274391 -0.1593407785589578 -0.09412074364532674 -0.03195125514121253 -0.1645393346303152 -0.1450483398479292 -0.007493406032436676 0.08986535373315925 0.08448281428194006 0.0272827534997275 0.01077729840057168 0.02837278949350974
 -0.01742072707529361 0.01031220756040901 -0.01540797301969369 0.03938526053534224 -0.08849897254578712 0.02136857437616461 0.08133288438661357 -0.064775695363881 -0.1918973802938405 -0.1492062691498812 0.02670830844178398 -0.01182358601167198 -0.05524061522940937 -0.0176505205457732 -0.06260435048462695 -0.1207863022735619 0.04001098658738247 0.09944527441796987 0.07335279975844126 -0.0353212648432769 -0.08934167846991842 -0.06962603625310976 -0.08600559182764839 -0.05918559429250483 -0.1109668641502829 -0.1394503956848808 -0.03059363549644906 -0.1086136702199198 -0.1312524210172345 0.005829560228126324 0.00200795963684571 0.1384932968320209 -0.0543640049956839 0.0564841891448726 0.04334753746776344 0.001988839699103712 -0.05701254130019219 -0.1643585431369095 0.07845494896662077 0.04566747376772533 0.03858726468439664 -0.04650786642361194 -0.07314814854231159 -0.1611498888685752 -0.01935922913853672 0.03249736436856106 -0.01238502243444988 0.02437727237552632 0.04350098868355209 -0.05911765541045103 0.06729295001707222 0.07867917062645781 -0.01118750118895578 0.007104869662782541 -0.01998788321987072 0.03795966756550332 -0.008020382537859892 -0.05847375877560311 0.05246379580423707 -0.2118618432042965 -0.1250210788087827 0.03845886542443655 -0.02463796333949085 0.009785413871751232 0.09712140587520117 -0.03822049972850475 0.04006091573617463 -0.06721335353209101 -0.08187725699214715 0.05048673484133422 -0.047521804069292 0.06928221501040224 -0.0603688852724302 0.03136423002467457 0.09600577421406946 -0.06473120851888008 -0.04395706238799103 0.08518248823169598 0.05826102015531212 -0.03763081990541684 0.08431203622220661 -0.1673696783490035 0.08317184712623689 -0.03691434292859948 0.01982207466460023 -0.002832879935541841 -0.04028472459855039 -0.1554618771845106 -0.06200905206050314 -0.08878431689996506 -0.1253038879871032 -0.08354513727372061 -0.06027498648093091 0.07474449140263395 -0.03128661199503577 -0.01942225016701466 -0.05026165108844881 -0.09793671178495758 0.033615812364448 -0.02401256711224872 -0.02527224226980199 -0.01849099663212775 -0.05880378928030559 -0.02223084943579741 0.03309793278440766 -0.08206118647343583 -0.124973342020796 -0.03571295335695334 -0.08982032711828968 -0.1256753405498701 -0.002327932162132887 -0.06324822824583733 -0.001530226875919089 0.034223517347762 0.03128670143081623 -0.09192085809108828 -0.1352768374106911 -0.1356815109056979 -0.05899141588066555 -0.08690964229681403 -0.11755310514958 -0.02727188536099342 0.08679101012786596 -0.158363052932708 -0.1141760938145463 0.01923013271365557 -0.07271725115320377 0.06700855244987307 -0.1238994139495782 0.08450243912487058 0.07114969811924667 -0.03884985213938157 -0.0742048610913712 -0.019030618736643 0.04091419703486827 -0.01280891263440207 0.0353586456139467 -0.02036929765922087 0.06834319675714121 -0.01342436358680029 -0.04673967290897644 -0.1403279458967517 -0.1043621256824159 -0.1042523644228829 -0.07366656243093424 0.01379403051772964 0.006122149803655602 0.0182266775519443 -0.02720698231549455 0.08499599403020767 -0.009423604349677161 -0.03199971030202668 -0.07125171977748371 0.02104555353484921 -0.03270221414081257 -0.0517368952687688 0.1294821410826406 -0.09746715624095985 -0.13483896414432 -0.04384456608123118 -0.01812402803603137 0.07477021564900467 -0.02553423811705191 -0.08925657525869748 0.008051311878074079 -0.006582320771351157 0.0446667841040153 -0.03479308453081589 0.06061546108971123 0.07191544796976658 -0.03970209797512066 0.03570897913008476 0.03263951336063608 0.01786705828767853 -0.06399870361085433 -0.05860443436038709 0.01487492991378864 0.01503849770148937 0.001830211515367189 -0.09285106953938314 -0.026527735484421 0.05200745594432229 0.04255644201381613 -0.004647160124988005 -0.05386791675583195 -0.128411146831005 -0.03181424090161321 0.06385817720367953 -0.01422109389067534 -0.133108361091007 0.01825885330684929 0.006639856639575934 -0.07107411929562958 -0.03893255771000033 -0.1559566541708505 -0.07561107306191173 -0.02815998108899717 0.009404208912427499 -0.04672595162236147 0.05721568370641632 0.01292035337085662 0.09153635969010177 0.03628333646401874 0.04387950025652319 -0.1150917238939758 0.02227552690950822 0.09563720804648022 -0.01399132212977306 -0.007757570379626423 0.06087122730105745 -0.009817593694057797 -0.07823861940776326 -0.01164021125897101 0.0172961440570632 -0.0285629821462444 -0.01342702443804049 -0.04130383324116749 0.05292253525857441 -0.04701466813228047 -0.1815655149717302 -0.03289924886965803 -0.0821818408614053 0.05489222837942995 0.1054138662421631 -0.1032416592984454 0.02265960121285934 0.0166275268579577 -0.0335568890579445 -0.1229786671896082 -0.0983881217942507 -0.04546926093391611 -0.03388421961564353 -0.1201633576393682 -0.1224673312207469 -0.1642927139725727 -0.06582584528496653 0.0478395120678172 0.01966172850793517 -0.04402657443865243 0.03147506846849935 0.04317843610196105 0.05772665929143683 -0.0397137960963858 0.09162070915058265 -0.1079712714677007 -0.05518838832734478 -0.210536379435737 -0.190439294295324 -0.07186327961194577 -0.1543850952685936 -0.0167252479406839 -0.00954103969507721 0.09566446959218972 0.01986148853726036 -0.07395515468874524 0.03629581969248785 -0.08731670801467196
 0.06566523757567171 0.02348209298583779 -0.0007356532713279697 0.2101158681101282 -0.02651436076583697 0.06922401055072279 0.1015147376736837 0.1417826389424626 0.08232779620140501 0.1943132454410166 0.1539308612901556 0.1167724371330423 0.09083444569845653 -0.05439042903084677 -0.05873018998488989 0.01114587089185805 0.01503046305466753 0.01612856253274155 0.1154844479806623 0.1333334467789346 0.07682266706928677 0.06858505103208419 -0.02298111065904939 0.03795199779887666 -0.001290085551033611 0.04025564735650806 -0.0636802750350535 -0.0253029906661746 -0.1312337197035275 0.08070588935462474 -0.09085235679865231 0.1226804410143646 0.01275457442954872 0.00318936185965653 0.1504669691839109 0.08741093843207678 0.1354190841198272 -0.01666280015769026 -0.09375236934430389 -0.08399777215085698 -0.06094066315969739 0.01356811089039448 -0.04813059276967626 -0.03163965367797357 -0.08354247763511539 0.01364683098679812 0.07741899863777421 0.09786407008142102 -0.006122297254445548 -0.05583525756464868 0.07707592445657661 0.1062900120683198 0.1595431302050855 0.03362907266274334 -0.0635715054171614 -0.05161865847636173 -0.03898199654627683 0.01317206056988497 0.05293801229266493 0.02191251003170185 0.04720312535894193 -0.005731375245293954 0.02310554638398657 0.06214090231944122 0.05935337337450112 0.05410344631280552 0.0318668557508188 0.1447241002651798 0.1197901716069608 -0.02750979919668413 0.08540394639773836 0.03724897920981527 0.05643776520403782 0.03687723155512106 0.06720944938713617 -0.03029808134479757 -0.01754019441001406 -0.02557973908423858 0.09489094252634749 -0.01075043393353573 0.05303955311564675 -0.01532666272222042 0.08349239311955184 -0.004813887993907234 0.2360947137380346 0.0820043444865131 0.1868146057661025 0.05612643124673206 0.1097332683529048 0.06100665912868185 0.08159576803635016 -0.005569505048221904 0.05327572403581346 0.08041612570463137 0.01696706023799875 -0.01606463634300473 0.124310293212683 0.04052671350974778 -0.04954461329668238 0.0921716137959966 0.08934582350344046 0.0722580195825691 0.1291625057784737 -0.001916208247730773 -0.0861002381875518 -0.03017196856441012 -0.008345665392738138 0.02459362088729749 -0.0618665591916507 0.03634719291278415 0.02991127863659551 0.01153519985221439 -0.005110462870239329 0.05116651045663748 -0.01103387127145282 0.04890457613523665 0.2816368429451995 0.1619187381346431 0.05620300421856849 0.05182993198053183 -0.02319976761208949 0.07692455505377936 0.04860477535054789 0.09293053059567302 -0.01051916096573842 0.04884413128590633 -0.02280661588826667 -0.1169743067788215 -0.1425832691617218 -0.1027368383450303 -0.0605780385993394 0.06408812018828233 0.05287577240036181 0.08631119318392297 0.08011269457534642 0.1027641032742939 -0.005740172944149995 0.05234767223999598 0.1075873601371556 0.09086891733845122 -0.01475466557129478 0.01690920855812071 -0.08524478221699529 -0.08777985532327073 -0.07893939557575319 0.08584049063945236 0.08680289228473612 0.1055566116815342 0.01195873191322176 0.02347229422239505 0.07170578002051346 0.09979855624442965 0.2159629544872058 0.1601052811985894 0.1036935199943381 -0.06377100832977797 0.1586564514709153 0.0534704685622829 -0.1184671605514579 -0.09364072136905521 -0.02105871621674959 -0.04294850355132622 0.01722529900040756 0.08270914005981958 0.07167965792377562 0.01329438052254718 -0.03333601719781552 0.1191987095466514 0.1982310319755435 0.1794003662697132 0.09065450559793678 0.06021790476582919 0.0566202436883078 0.06796768131951497 -0.03556828168206026 -0.1078658937308953 0.01297249276807854 -0.003261804409125192 0.0885703563712503 0.01204399461423867 0.05572862086423907 0.0720237823571669 -0.005008490538922172 0.02760576325761337 -0.03674644629152873 0.143657126304079 0.1720420874738106 0.06287597286367029 0.1063375332257427 -0.03768350554980122 -0.03371665169910793 0.02707659730299118 -0.06328032430268685 0.08136131720452758 0.2206971492164949 0.001067652108824952 0.03363770146787587 0.11461982951318 0.0256226127111269 0.005267103737495298 0.06608926889306055 0.03317011776037828 -0.03085991880098096 0.03237994180167536 0.09163925278822216 0.02966440753083122 0.02212558336655223 -0.06530582666866439 -0.06445627816928581 -0.01745344575225084 0.01153885053630396 0.1047338434331095 0.139562084850335 -0.02269924064871837 0.0385128286232065 0.08224109919655227 0.02487375611124634 -0.121994928063566 -0.1092574754677736 -0.01272482294260873 0.04964438247689962 -0.03677238660414898 -0.1194068414199941 -0.02280520974464583 0.003393555767351291 -0.05894464216297968 0.07605670355554688 0.1041897268798382 0.1027810489705135 0.0106544189105427 0.1584998124456649 0.09337880791004616 0.04359154753192514 0.006126914946764921 0.0578478506761597 -0.01087008128056653 0.09257962109961848 -0.03270812471057215 -0.1125555793278904 -0.1159558973172879 -0.06234803840295497 -0.004479700489564635 0.04776957117989669 -0.008536454521048458 -0.04336916537337482 -0.01034347956510691 0.01863066928276359 0.040126646867482 0.02537061133538028 0.07549825197793103 0.04751390268645996 0.05882286827836502 0.01862302733065608 0.08563150213605601 0.07991984266587535 0.03207774568988968 -0.01187824133463207
 0.1323311398766082 0.0650314548716608 0.06729227250330577 -0.03450541901122341 0.02341781353687328 0.06462952013256244 -0.06896674491990257 0.08299275653375895 -0.03843551395957739 0.09698270256360189 0.1169545812711366 0.085634094488794 -0.04450131625030233 -0.1087015630037947 0.03505149961223725 -0.0852140005909071 -0.001588394216608023 -0.01415679516443451 0.06762666059913208 -0.05981322419884766 -0.09452496195623 -0.02229233489861517 0.1010352805695644 0.1013253251685523 0.1828171022584382 0.1677219248233073 0.03124728005169373 0.08041080129177711 0.08293979310283496 -0.06991982578139368 0.05553671636188675 -0.01063464129654603 -0.01832395431810948 -0.02624774284918236 -0.01439765660495402 0.1291881349132386 0.04373935189927118 0.01076310116105247 -0.005910938233208722 0.04992729459775771 0.03106963854348 -0.05258340928008394 -0.01239632080618398 0.006136757763797943 -0.002882160756921073 0.01795985152670566 -0.1325024153167026 0.01046875184880918 0.01409906340368572 -0.02381160166337884 0.04640457997641433 0.02140699029886822 0.1246466733455658 -0.001085857541989126 -0.0577410273948825 -0.0183850480626009 0.103739505378826 0.07445012512268379 -0.0389482435384391 0.08371311465774445 0.02634491318434093 0.0812778981557182 0.1090136187118407 0.06651449023117638 0.1534008037767421 0.06240801085803222 -0.03913505011876491 0.01088096122823295 -0.04555771288095268 0.202832684086523 -0.01675632059758559 0.002653465176860121 0.05957159086675181 -0.008069761743513738 -0.01229949553288939 0.1091058984081857 0.05734269646552419 0.06616079130456369 0.1924204791007117 -0.02029833294798458 -0.04296532975524471 0.07464599952914394 0.1350538461746607 0.03797751572248785 0.06474314615859669 0.08298788700705373 0.1148087276497953 0.0842474448334633 0.02831880344233334 0.1335717330700986 0.01486734341211023 -0.06334947486948857 -0.003259109553069408 -0.01905309029835053 0.03178077763492903 0.05625748714882039 -0.01058591773472942 0.01674045252950334 0.03142045162502859 0.1148168152067137 0.05519501865395981 0.1368887563675422 0.04885086600874516 0.04329979721583251 0.08549534331741224 0.04179964233688614 -0.06614936747038946 0.01231960117668375 0.03974173150317279 0.06343593641672608 0.0291958015664205 0.06225889543653087 -0.1739574027883117 -0.001427241316237438 0.007652261589292121 0.04366836916175647 0.1515274657907879 0.01110125806273407 0.0703930995714003 0.02546917150842449 0.1280360860454092 0.09538010710662857 0.002454494575095822 0.06334273638254678 0.03278141336723027 0.07637704846005486 0.05379116401807945 -0.03609366104258027 -0.04409840457500619 -0.02670863815621221 0.04778911440777638 0.1067945188069939 0.1361022966040233 0.08583017442046889 0.043411250234836 0.0008041367432009059 0.06661795757388882 -0.062666645751494 0.07121358804367511 -0.03481913293343856 0.04966279920042765 -0.04082214990258262 0.1766067806190616 0.02294332701891174 -0.03456137506803756 -0.06842328019073575 -0.04541792036043224 0.04528276818713033 -0.04744341100528141 -0.0820168777001337 0.05525317973415921 0.08390960121041717 -0.04963535834534574 0.03468744169093955 -0.05721041303214648 0.06498562879142185 0.0298772447380061 0.1243653835177467 0.08984425338976373 0.1349300195085571 0.1040729365841226 -0.02514639833720404 0.08285956038374499 -0.04894211383244389 -0.05751030305650839 -0.01327284041391858 0.04601777970916744 -0.02819476746205128 -0.003101563999829208 -0.08348814509081598 0.05295592625707449 -0.00872379075172912 0.04940658550724096 0.0327862116722499 0.04633873543552645 0.1167928984366468 -0.0639713955955724 0.08979000895595235 -0.0944049085415113 0.09736036486224726 -0.05270327407353963 0.09036207490478756 -0.06339278540975331 0.03853439119080616 0.0222172059766567 0.06491559699631833 0.008118268650226981 0.01552196614067469 0.07463100719819428 0.107096010296882 0.1438788846821372 0.107121935403685 0.09723660341751424 0.06493315878816326 0.005746735831597703 0.01591802254027694 0.1358947623328147 0.07586265074579832 0.05448677436337066 -0.02412876534788792 -0.08869574836849486 -0.02514925268690559 -0.07164397145661901 -0.0404401934406157 0.004879377755701448 0.1250600067195804 -0.1029642288930618 0.03941011080312994 -0.05982908481401254 0.105966679913307 -0.04248495223705863 0.0464629725746754 -0.02800829758639612 -0.03240157987275256 0.1066829452580922 -0.06585452300022113 -0.06256397232360056 -0.02244182218826985 0.04664380699884294 0.04848500597700825 0.1487132587212852 0.08087013604792456 0.05825137382430086 -0.05691966633553877 -0.01018683123218464 0.08355259372979039 0.02343353637802078 0.09010665922295405 0.1176960056658647 -0.02969250389523189 -0.08921815275407317 -0.0007603930325294075 0.08160407397511432 -0.08793618956052683 0.01506727139943796 0.07893305976284141 0.03566920332285026 -0.04234668101597637 0.05666709938726742 -0.09333334994131309 0.04982470846013075 0.05401359026122372 0.01991766316757089 0.06591838662022426 0.05157269556898241 -0.05972225232006607 -0.07913994413434627 0.003306798729794297 -0.0145193869838749 0.03802238458264983 -0.03025643738952448 -0.08001707985839349 0.007780852723540242 0.04432048717828242 -0.1291141437348022 0.02608333741271007 0.07266947763021533
 0.03370207668976679 0.07724930271266543 -0.05398954183034917 0.1121532562140791 0.0355109846461923 0.0273244353496532 0.09905028415474812 0.06315084028467872 -0.1012273160349925 0.08238499873552631 0.04427748795785858 -0.08350728264394838 0.0730252665191751 -0.02202387090949093 0.05914233238879859 -0.03035635980612536 0.1253535117262199 0.09333153077596887 0.04438120902309437 0.003756168742942875 0.1561934638678894 0.01287276077516345 -0.0005429313008413929 0.01208366451232203 -0.02724574411775786 0.06784351104629281 0.06994548651178392 0.004761633492440144 -0.001310333378780949 0.003796118425406575 -0.01212464190958716 0.1068606337649665 -0.0327971496532737 -0.04251102860287867 -0.001944779660801124 0.06070710172615845 0.1116712686431436 -0.0777431844906931 0.1074067045347015 0.1531746731751822 0.04062838355608608 -0.04472662943493087 0.04926773138399648 0.01937883185906391 -0.003924863613503619 -0.03199250674157769 -0.03059009509348391 0.05964568873158326 -0.008498121403634037 0.08349971643559255 -0.0366380526005181 0.1057968392852573 -0.01100228345380409 0.05906547046607217 0.02698348095889191 -0.09004517007113837 0.06781181052552172 -0.01909873132128769 -0.02028175704131199 -0.07736557862031261 -0.002747021518011741 0.09946150890796135 0.08000416570400656 -0.05365399982546205 0.02192883519047509 0.04879096771323902 0.01879575443225156 0.2173886801693006 0.0007382151937413081 0.01948794177418201 -0.06014673655737304 0.02619257619069832 -0.07893658083765041 0.07554647680834581 0.09326822737337191 0.1209479971455885 0.06010489488058933 0.06618939998476578 0.1347344526897389 0.1078523876662955 -0.0793325536897571 -0.08086234867574389 0.09099071578957357 0.08215014915226966 -0.07696875429401957 -0.02479471632180371 -0.0007317757356617442 -0.02177182806326981 0.004334109551147352 0.04510631732430705 0.07206952949681446 0.04448351682939266 -0.03168580682083331 0.06193635001203609 0.05772624471040658 -0.01531757952294517 -0.05772613844220761 -0.09236965180545363 0.02177247319234712 0.07722927320203543 -0.1036341199102506 -0.09809118201928552 0.01518789527258019 -0.04213569933782176 -0.00206387473679417 -0.05800574806911438 -0.009251068946756775 0.02734109989729845 0.06737005976710639 0.0942138984433666 0.02937303937604888 0.1910228849773729 -0.05266767766694492 -0.009289096206993502 0.06495075639463251 0.02740231396286191 0.08569521508075256 -0.0610636982982248 1.629171773501673e-05 0.07671524531343288 -0.06782496087284128 -0.03915036216011739 0.02896056570488329 0.09433423944739244 -0.08370887971510327 -0.03997797070525803 -0.01197809888188707 0.04278879070117565 -0.0282507595936825 0.0354640511416243 0.01058830874465534 0.05369625542568986 0.08258510527492925 -0.03073628056576013 0.001469416917692001 0.07895575492534133 -0.01056042982622021 0.07831336664332179 0.0259223671018684 0.06688707545265551 0.02023261583615701 -0.1216916989176892 -0.002671594829936634 -0.0219414290882914 0.006055501399538337 -0.1110666404122054 -0.03779639089377498 0.01613819188183915 0.02271073167034406 -0.05947704547450412 0.0115365455773882 0.02600213010162263 0.1402683309943583 0.1499244443248123 0.1630720458703696 0.017568292130893 0.006976068238353941 -0.1584194752310313 -0.00638410460328064 0.04852813962840025 -0.1529488250072151 -0.1036819359250553 -0.002929678144464075 -0.1086663629277619 0.01012008108280316 0.118665057998502 0.02925688095246078 0.06321264686640937 0.1024384427258048 0.264036742457609 0.1980195837729341 0.0623825852597829 -0.06115264356558892 0.03803590560363883 -0.0689221995839859 -0.006877405235398036 -0.02674402989830105 0.03713616843535409 0.1410446996320906 0.05663933878754915 -0.02994955677694999 -0.07553151097185895 0.0742611384569721 -0.01144073626391159 -0.08094041025587065 0.01216894173814762 0.1423910425154497 0.08135562269083461 0.03880538486627311 -0.01388849569678838 -0.0805133408987732 -0.08089977727325479 0.09020349232045256 -0.04805144036483873 0.08010426132882816 0.06863256995680728 0.01611117739524688 -0.1668047211531087 -0.0231081475152346 0.1057362635985895 -0.05412690638805251 0.08307174502772638 -0.1008249112860279 0.0006127059152823546 0.09898023245121121 -0.04580921865138776 -0.135725954553873 0.01938228107349137 -0.1246487340876662 -0.005482569714513844 0.08739809178971837 0.001458838091278767 0.04360288239963418 -0.06969482468013637 0.05972210564283847 0.1118666341727541 -0.01953189500458592 0.005705387188706141 0.06773633873712828 0.03401886834821023 -0.07641514004518679 -0.003182384687903032 -0.009114551937081869 0.1467269785269527 -0.1404737208524305 0.06944902303815316 0.05307925895318533 0.04352695131074022 0.01082360379980917 -0.006888252377849889 0.1891512338621127 0.1256616468984493 0.04960626400661693 0.07314368915052892 -0.02153068125899592 0.03168478100962717 0.05036042493145201 0.08876235929822815 0.05460460632400888 0.02709164339371997 -0.04935006537679473 -0.04287949619161882 0.07587812657239087 -0.03748300963611962 0.01185396749921193 -0.04186272025974495 0.07184078582331756 0.1276387643880962 0.01384560816921524 0.129718830802162 -0.0475780326429375 0.0114073400242184 0.0796974149312525 -0.1241167440735685 -0.02712625456343556 0.002943314996164895 0.04616058149950055
 0.08177220746861699 -0.01297086040616102 0.08778031086092947 0.005393155791065637 0.01950597584757129 -0.08368011645042828 0.05852385498336543 0.0218956618005135 0.04069021518704329 -0.05383659715421536 -0.09543601396250152 0.03086827277113079 0.09176672242022779 -0.06726608169380717 -0.06214137528704954 0.02469815209843592 -0.1060049054799347 0.1277250902162576 -0.06470779411337244 0.04169202999230712 -0.02477534745920064 0.1198298728962016 0.09483012000032848 0.01495911151394057 -0.06583319658079737 0.0452461724786089 0.07107468264480141 0.06039679557597306 -0.00251046665601673 -0.06710299374523063 -0.06770504290212406 -0.08166844251488453 0.02422312316645991 -0.03434554063313571 0.1648040239319763 0.01391365199432919 -0.03671064914307794 0.09513680859374661 -0.04111634729936756 0.09432686785699805 0.02534249416748849 0.1365635507913568 0.08882222503856149 -0.01036191173469786 -0.06047893094426255 -0.1120563610206913 0.007502840551833275 -0.07898825938916644 0.02120961105136292 0.08214147361889321 0.04324666548107398 0.09939040537242486 -0.06567768194192673 -0.04988104871642556 0.03449702871648989 -0.02036927891620304 0.1554684668372005 0.18526935063762 -0.08129877494631721 0.02785517907095855 0.09499568905163686 0.02380110841010547 -0.1535427818442092 0.06154034735729925 -0.07698776066216682 0.01429817854280844 -0.001120344405945709 0.07687805178449678 0.05428706336363819 -0.09602034088837902 0.03874966355406948 0.02234865746922017 -0.03177435602007736 -0.001628146966873426 -0.001405307588090291 -0.03343645069152047 0.02836840286886572 0.224472476463879 -0.04807598530815377 -0.1465923564127683 -0.05116833083895723 -0.06216054846329462 -0.02473180160395796 -0.00973400308752902 0.08255717717039714 -0.0628018825011285 0.01511956249609785 -0.0649832291574553 -0.04691262944126964 -0.01215393778409203 0.05965431744821673 -0.0404353044309177 -0.0996893241417858 0.05835770070547774 -0.0003019935406208054 0.03314335774442469 0.01565144550186082 -0.02577909408039129 0.0359927366996361 0.04028532787308682 0.05377359057388883 1.805907599420785e-05 -0.005009763318360817 0.03110663746850295 -0.03466880470191298 -0.00198743131874927 -0.03286832284847011 -0.09243481625109956 -0.01765865035420809 -0.07678278841526308 0.174777651294637 0.07496234642492006 0.05632314405680572 0.03006215178323543 -0.07467084796234624 0.0952527737709956 -0.1524552647705323 -0.08357086819905114 0.04291390002579919 0.008735489848997514 0.02188457586224779 0.03037507912540181 0.0626190538256103 -0.0001281645879828557 -0.03058513417794862 -0.07524414543570515 0.02437107123324202 0.03338889651268519 0.1316019807611962 0.01423212839696687 0.05389630604712329 0.100085902992565 0.03458773448819151 0.03696624087170542 0.0172287316179951 0.0001887251940178238 0.09898319779739165 -0.03719172109696043 0.08193073159716174 0.1262210903817216 0.1445348326089158 -0.09458312221249673 -0.01973589741822945 -0.0244734947126306 0.05195643508133648 0.04495549105205533 0.04994848253213732 0.08049679840403834 0.1429588317988935 0.0189299383262414 0.07207595226951986 0.05299707292593065 0.03051262348931998 0.1843764918604773 0.07516199161618323 0.07966089782224529 0.107163877737427 -0.01293105171811195 -0.03160650547377454 0.09639109766456957 0.00171288623384924 0.05740000483732462 0.03604360428418191 0.002007116674175038 0.02195484506253526 -0.08470130181175588 -0.03531670596869109 -0.0268566760984893 0.1073758631169875 0.01636288835987962 0.05208230363270422 -0.002794371711768651 0.03434470922658989 -0.03320308386052227 -0.124968714238808 -0.03722453439257775 0.03766490600958489 0.09190695208600612 0.04023578380080499 -0.0796497618149378 0.1104483240797302 0.08763540651279242 -0.03367124044142715 0.1116564453234267 0.1188819816306157 0.02183513209335391 -0.07427528833363212 -0.01405164929568056 -0.08198059715601387 0.02524471368994854 -0.00445903127492668 0.07645986970382204 -0.02626741629697632 0.03059020682148676 0.1053670948716343 -0.004232011978533024 0.006687941304528291 0.002434066320513309 -0.006283989764676584 0.1098541318038396 -0.1215524440710917 0.03967099317844272 -0.03832545661876596 -0.06692694240560527 -0.03492624772368398 0.03033753711233648 0.08795767997511378 0.08773516668118637 -0.05368881779985826 0.08246089127275388 -0.02536314358310749 -0.01226954705717543 -0.06070839684869384 0.06084448096223258 -0.007726037062167825 0.1172616314047818 0.1003740728674069 0.09598793156364208 0.01346030248935361 0.03591596827458232 0.1254709801706214 0.01145012022859963 0.1128078958372942 0.05844731616988958 0.005658036428546592 -0.04200635145756887 -0.03657491109230068 -0.08615645194501305 -0.02191556658689191 0.002296738267378856 0.08079873113751493 0.1539154617512545 0.1278186362540288 0.005133517453529899 0.08028136249072992 0.06608411075912184 0.1756881029943891 0.05855897956627226 -0.05230330344114344 0.09237236320373517 0.07070295044495242 -0.05413379203675617 -0.03896997148322102 0.008306069888808089 0.03822227973554308 -0.07964087384547522 0.02442129907777538 0.03653752689428121 -0.1075069085302994 0.04477019623031267 -0.02744480101694752 0.08172743218080632 0.04078326423605212 -0.1219744168164043 -0.005685270900842961 -0.06361020054314075 -0.07187715446208436
 -0.05902401082896663 -0.03765854013500743 -0.01477769053615163 0.04444196160890662 0.0166950591401022 0.007784848254012041 -0.06458900153736445 0.08624004365324457 0.02636389629208098 0.1180553093242017 -0.08278494035680678 0.06923776626100425 -0.04112240022940449 -0.1151176837899253 -0.1291313338042001 -0.0007763505739469661 0.01161050288486729 -0.03688925360908236 0.02793618204283686 -0.009754858581293215 -0.02138243546501714 0.02959494400817836 -0.008877123158209977 -0.02085346834969318 -0.1761321604225545 -0.04075452660039723 -0.1096156381979468 0.003229518193623431 -0.02696001038348249 -0.1436381401155361 -0.03546069795998624 -0.06589938234534999 -0.04337762948307986 -0.06112682346063922 -0.01749306850150929 -0.1297468065684624 -0.0372264221738112 0.04849600128759877 -0.05611504127609952 -0.0462061263347152 0.02396396293927152 -0.02490387451495813 -0.02009332185481515 -0.1038626802644776 0.004576619511445424 -0.0773886882276837 -0.05180522380672077 -0.073035940163257 -0.05544547312087929 -0.02310169709116623 -0.04347752946146462 -0.04553720011982847 0.006400759582634725 0.1385192129886393 0.1185679774752499 -0.01666524286198765 0.05662120895930248 -0.02970268799214548 -0.1062640069842344 0.07088497695383134 -0.06260493420207161 0.02708689169964437 -0.08627934992126235 0.03643368233631734 -0.04423406031185609 0.03069185836376603 0.1185295575028716 -0.1466433776325021 -0.02499470118965855 0.09643084259827189 0.03176068165010267 0.01997126057566859 -0.08244844354237156 -0.04919991250423786 0.02965326172713893 -0.007245084751928386 -0.06965882051231941 0.08895667175163435 0.001779466576420001 0.06086076302260339 -0.03933545889921827 -0.06332719819439868 0.08515802347844087 0.00105867678379276 0.03534290788882523 0.08215863100219731 -0.03400539842044133 -0.01907487207533678 -0.006304017374260637 0.0820691966861208 0.2106839403199962 -0.0256485491959546 0.03337145464327259 -0.02381942101860812 0.06695490163785638 0.1078178240153156 0.05626594228651671 0.0300657369363026 -0.02749967400915953 0.02583529622402887 0.07420346475946672 0.01229224806612237 -0.06223888197793765 0.1015944294881114 0.1664936745897472 0.09664163487764238 0.07097938331344437 0.1311721518648341 0.06335201369919959 0.02222361083023205 0.0289879043754759 0.03984727054346064 -0.03162609435933409 -0.04611069886624529 -0.1085093618831175 -0.04186461464536018 0.04792172839588876 0.05801062182413159 0.1654427470823897 0.0571363658032865 0.1339247349714704 0.1535129072517321 -0.002714486081299239 0.01725670776866622 0.03828465334896893 0.02021748370279665 0.07315303461168567 0.03087724517441667 -0.077565847057277 -0.07183912597496055 0.06845749387289553 -0.03103751707705007 0.06990368481806059 0.05445742868501573 -0.003464663028518554 0.07328039366246256 0.1937515049888384 0.1109772235507459 -0.03769499046051802 0.06988704845696186 0.06606376738246324 0.09400513164277453 0.08908952656596676 0.1034521283410963 -0.004020511242084702 0.06230296147513498 0.0443589041852632 0.1210764593745624 -0.02840007124718493 0.05166328300552302 0.1107417470978731 0.07061590260413889 -0.06587420640447798 -0.00134289312753884 -0.05766090025455103 -0.01912281312638594 -0.04996519027033102 0.003163373326776523 0.01079944368481742 0.002499001176656994 -0.01742708109325172 0.06507172076639861 -0.009312766909696363 0.1670133828428941 0.04990044444758625 0.02257517604480127 -0.02506097457457146 0.06225700857647891 0.09232213194115249 -0.07451617569152177 -0.04299154919311065 -0.004489939910452718 0.03642040264076461 0.0633382999986912 -0.03059385736324537 0.05978298365006537 -0.1094089694187374 0.06851770939873601 -0.0240468754648086 -0.002813332473855892 -0.05183911253309244 0.01351661824089159 0.1325722217291464 0.1421397074905464 0.02496490745727746 -0.03983896438522957 -0.07837469358191636 -0.03983092568424916 -0.006705842888119391 0.1465503679953059 0.06083060664640191 0.09169967184542661 0.02113511931884492 -0.01080799943268255 -0.02716392995289104 0.05168277299785019 -0.003274639213538653 0.02969315853637057 0.03728518336163557 -0.01827905477896967 -0.07288927572792347 0.01350830688509286 0.1443241284656789 0.07290697101393272 -0.0768296287891134 0.1331907155539969 0.03994727387193493 -0.003853252323738629 -0.1139040248480193 -0.04659944270513827 -0.02676559817937175 0.08944206898177437 0.035427660956061 0.0128177330757017 0.06866344764090321 0.007215189007508103 -0.0509669777394078 0.02591131558226696 0.09819065459700625 0.09241738096393133 0.07050712141593879 0.02275646278228654 -0.05709370078542166 0.08619225175776056 -0.01084557096653807 0.09173791186349023 0.01512465180873552 0.04901169220034993 0.004691837346437536 0.0821288134114032 -0.05722462551758169 0.06492640787212546 0.074938702065075 -0.03367728522099311 -0.01650670729159142 0.1819900984154306 -0.001047867585522796 0.01251855267116935 0.1102642902464774 0.008365385300414589 -0.07802712838573289 0.03410262536633692 0.06456116832133149 0.0007050337716887369 0.08353535814299901 -0.06442905418632396 -0.02186257864534155 -0.01672015103919429 -0.07885655116590239 -0.008433016223298815 0.09936644441794588 0.06648523720203627 -0.01597946334893358 0.006077865409784721 -0.06103214613794141 0.02616767068160656 0.1183526969659713

# name: <cell-element>
# type: string
# elements: 1
# length: 5
f_ccs

# name: <cell-element>
# type: string
# elements: 1
# length: 6
df_ccs


# name: <cell-element>
# type: cell
# rows: 1
# columns: 5
# name: <cell-element>
# type: matrix
# rows: 10
# columns: 1
 -0.06293302920834687
 0.3535203390065457
 0.377927653606726
 -0.0948917947212277
 -0.02885225463785527
 -0.2396766944076184
 0.06425214452753981
 0.3482111714111545
 0.01775772346196483
 0.1445120952502441

# name: <cell-element>
# type: matrix
# rows: 10
# columns: 1
 -0.06293302920834687
 0.3535203390065457
 0.377927653606726
 -0.0948917947212277
 -0.02885225463785527
 -0.2396766944076184
 0.06425214452753981
 0.3482111714111545
 0.01775772346196483
 0.1445120952502441

# name: <cell-element>
# type: matrix
# rows: 10
# columns: 16
 -0.03250161039488149 0.01159923984358745 -0.333814571894436 0.3047811827351378 -0.02840504930201073 0.02890462517362962 -0.1024848323780555 -0.08965776192502822 0.3146980229538556 -0.2423616397114645 0.07215655207406817 -0.5553893789028279 0.06084587809847448 -0.2077157702718986 0.1487455606358109 0.02190353510405667
 0.3564899428579565 -0.03871536087104078 0.01330719929968528 -0.3650675557916427 0.2123867206869869 -0.09278329466996077 0.05419682298528194 -0.1200108124562128 0.4450665900485374 -0.0005571913554297953 0.1946404763883953 0.1756339856222458 -0.4622696615747279 -0.007217448993210512 0.05826509778099589 0.2067169808055992
 -0.04125290460643636 -0.04091440215841262 -0.1387252938036239 0.3910960396683424 0.1038275669866095 -0.06082366240759123 0.185612362995289 -0.2252631472677155 0.1998603082115188 0.07350014428027478 0.3321345641339373 -0.493622008173757 0.005565572428021392 0.06923281048844224 -0.07508233789910286 0.05812384346070576
 0.3936921983752452 0.4466470738164948 0.09588495740600425 0.07242584712951514 -0.04289212978492513 -0.103906625020313 0.06337997792433583 -0.02874123816722442 0.1576568456613454 -0.2411651661087249 0.1186707633791088 0.03270421482134108 -0.2165743341981535 0.1278809788267389 -0.3642608934719822 0.09224958296445847
 -0.1779898651452862 -0.06385342072930515 -0.004243630941214042 0.2075271476724482 -0.06621665374917902 0.001065867824660786 0.06650140128383182 -0.08045455813498169 0.02550045216041682 0.3842884634555599 0.3663227675718694 0.368892043762655 0.4910927681314817 -0.2854692917433412 0.07580708818759704 -0.137558075197427
 0.4114878095158073 0.07061376990104672 0.1266918474552532 -0.1185806559812157 -0.1677361775777691 -0.1438358417718542 0.09423674030167216 0.1687191301992373 0.123782065364623 0.1644419253528064 0.3066469422102672 0.3688825906608952 -0.1775633594654717 0.09394016858538781 0.08633603466632619 -0.02078553075491105
 0.1347844157890019 0.006300891614459962 0.02888281534527878 0.147037869126773 0.008923531504253727 0.01104455256093744 0.0274287131440086 0.1772970803169552 0.1762050293824524 -0.2264048461574663 -0.0539635594901092 0.007539936198174075 -0.2308766028139541 0.1223292523785836 -0.07278880689277063 -0.3916770966566633
 0.04041958622848125 -0.3599316618487633 0.133482269447556 -0.1542857762061749 -0.1550775018493361 -0.1208307991120616 -0.1169312289532776 0.4514295053900454 -0.2646152506438259 -0.3822380435291367 0.1334820903863708 0.05190701291181575 -0.4155131886223741 0.337756504384529 0.3464527169444906 -0.01582940394698394
 -0.1730109231874633 -0.1448137244802946 0.1189472407853323 0.02463914064935929 0.08659108631792056 0.01960146409488882 -0.2674871460057847 0.04727922500351856 -0.2964866269952557 -0.658247088922578 -0.02834509015936647 0.1812633890108087 -0.04856801335917019 -0.3549904601004266 -0.4478122010994833 0.1845372419457027
 0.1237423143923659 0.05867837015572619 0.04211531112310785 0.1831358358285896 0.02672465219650154 0.440887179822461 -0.02480367703806002 -0.1463587869543749 0.07857300327383203 0.24428097737298 0.05728685313062196 -0.1165749789618375 -0.4929374004335845 0.1514745741603657 0.5934450796093501 0.05535054846314959

# name: <cell-element>
# type: string
# elements: 1
# length: 9
f_sorties

# name: <cell-element>
# type: string
# elements: 1
# length: 10
df_sorties


