# Created by Octave 3.0.1, Sun Mar 22 17:53:43 2009 CET <artieres@artieres-laptop>
# name: pmc
# type: cell
# rows: 1
# columns: 3
# name: <cell-element>
# type: cell
# rows: 1
# columns: 5
# name: <cell-element>
# type: matrix
# rows: 256
# columns: 1
 0
 0
 0
 0
 0
 0
 0.386
 1.503
 1.983
 0.476
 0
 0
 0
 0
 0
 0
 0
 0
 0
 0
 0
 0
 1.086
 1.996
 1.998
 0.719
 0
 0
 0
 0
 0
 0
 0
 0
 0
 0
 0
 0
 0.978
 1.999
 1.997
 1.368
 0
 0
 0
 0
 0
 0
 0
 0
 0
 0
 0
 0
 1.389
 1.997
 1.997
 1.553
 0.00999999
 0
 0
 0
 0
 0
 0
 0
 0
 0
 0
 0.004999995
 1.459
 1.998
 1.995
 1.701
 0.02999997
 0
 0
 0
 0
 0
 0
 0
 0
 0
 0
 0.007000029
 1.503
 1.997
 1.997
 1.441
 0
 0
 0
 0
 0
 0
 0
 0
 0
 0
 0
 0.06800001999999999
 1.821
 1.997
 1.996
 1.065
 0
 0
 0
 0
 0
 0
 0
 0
 0
 0
 0
 0.287
 1.829
 1.995
 2
 1.32
 0
 0
 0
 0
 0
 0
 0
 0
 0
 0
 0
 0.07700002
 1.796
 1.997
 1.997
 1.081
 0
 0
 0
 0
 0
 0
 0
 0
 0
 0
 0
 0.001999974
 1.369
 2
 1.999
 1.564
 0.014
 0
 0
 0
 0
 0
 0
 0
 0
 0
 0
 0
 1.119
 1.997
 1.997
 1.924
 0.151
 0
 0
 0
 0
 0
 0
 0
 0
 0
 0
 0
 1.225
 1.997
 1.998
 1.797
 0.05199999
 0
 0
 0
 0
 0
 0
 0
 0
 0
 0
 0
 1.299
 1.999
 1.997
 1.924
 0.181
 0
 0
 0
 0
 0
 0
 0
 0
 0
 0
 0
 1.286
 1.997
 1.997
 1.738
 0.26
 0
 0
 0
 0
 0
 0
 0
 0
 0
 0
 0
 1.06
 1.998
 1.959
 0.9340000000000001
 0
 0
 0
 0
 0
 0
 0
 0
 0
 0
 0
 0
 1.227
 1.426
 0.518
 0
 0
 0
 0
 0
 0
 0

# name: <cell-element>
# type: matrix
# rows: 256
# columns: 1
 0
 0
 0
 0
 0
 0
 0.386
 1.503
 1.983
 0.476
 0
 0
 0
 0
 0
 0
 0
 0
 0
 0
 0
 0
 1.086
 1.996
 1.998
 0.719
 0
 0
 0
 0
 0
 0
 0
 0
 0
 0
 0
 0
 0.978
 1.999
 1.997
 1.368
 0
 0
 0
 0
 0
 0
 0
 0
 0
 0
 0
 0
 1.389
 1.997
 1.997
 1.553
 0.00999999
 0
 0
 0
 0
 0
 0
 0
 0
 0
 0
 0.004999995
 1.459
 1.998
 1.995
 1.701
 0.02999997
 0
 0
 0
 0
 0
 0
 0
 0
 0
 0
 0.007000029
 1.503
 1.997
 1.997
 1.441
 0
 0
 0
 0
 0
 0
 0
 0
 0
 0
 0
 0.06800001999999999
 1.821
 1.997
 1.996
 1.065
 0
 0
 0
 0
 0
 0
 0
 0
 0
 0
 0
 0.287
 1.829
 1.995
 2
 1.32
 0
 0
 0
 0
 0
 0
 0
 0
 0
 0
 0
 0.07700002
 1.796
 1.997
 1.997
 1.081
 0
 0
 0
 0
 0
 0
 0
 0
 0
 0
 0
 0.001999974
 1.369
 2
 1.999
 1.564
 0.014
 0
 0
 0
 0
 0
 0
 0
 0
 0
 0
 0
 1.119
 1.997
 1.997
 1.924
 0.151
 0
 0
 0
 0
 0
 0
 0
 0
 0
 0
 0
 1.225
 1.997
 1.998
 1.797
 0.05199999
 0
 0
 0
 0
 0
 0
 0
 0
 0
 0
 0
 1.299
 1.999
 1.997
 1.924
 0.181
 0
 0
 0
 0
 0
 0
 0
 0
 0
 0
 0
 1.286
 1.997
 1.997
 1.738
 0.26
 0
 0
 0
 0
 0
 0
 0
 0
 0
 0
 0
 1.06
 1.998
 1.959
 0.9340000000000001
 0
 0
 0
 0
 0
 0
 0
 0
 0
 0
 0
 0
 1.227
 1.426
 0.518
 0
 0
 0
 0
 0
 0
 0

# name: <cell-element>
# type: matrix
# rows: 256
# columns: 1
 0
 0
 0
 0
 0
 0
 0
 0
 0
 0
 0
 0
 0
 0
 0
 0
 0
 0
 0
 0
 0
 0
 0
 0
 0
 0
 0
 0
 0
 0
 0
 0
 0
 0
 0
 0
 0
 0
 0
 0
 0
 0
 0
 0
 0
 0
 0
 0
 0
 0
 0
 0
 0
 0
 0
 0
 0
 0
 0
 0
 0
 0
 0
 0
 0
 0
 0
 0
 0
 0
 0
 0
 0
 0
 0
 0
 0
 0
 0
 0
 0
 0
 0
 0
 0
 0
 0
 0
 0
 0
 0
 0
 0
 0
 0
 0
 0
 0
 0
 0
 0
 0
 0
 0
 0
 0
 0
 0
 0
 0
 0
 0
 0
 0
 0
 0
 0
 0
 0
 0
 0
 0
 0
 0
 0
 0
 0
 0
 0
 0
 0
 0
 0
 0
 0
 0
 0
 0
 0
 0
 0
 0
 0
 0
 0
 0
 0
 0
 0
 0
 0
 0
 0
 0
 0
 0
 0
 0
 0
 0
 0
 0
 0
 0
 0
 0
 0
 0
 0
 0
 0
 0
 0
 0
 0
 0
 0
 0
 0
 0
 0
 0
 0
 0
 0
 0
 0
 0
 0
 0
 0
 0
 0
 0
 0
 0
 0
 0
 0
 0
 0
 0
 0
 0
 0
 0
 0
 0
 0
 0
 0
 0
 0
 0
 0
 0
 0
 0
 0
 0
 0
 0
 0
 0
 0
 0
 0
 0
 0
 0
 0
 0
 0
 0
 0
 0
 0
 0
 0
 0
 0
 0
 0
 0
 0
 0
 0
 0
 0
 0
 0
 0
 0
 0
 0
 0

# name: <cell-element>
# type: string
# elements: 1
# length: 4
flin

# name: <cell-element>
# type: string
# elements: 1
# length: 5
dflin


# name: <cell-element>
# type: cell
# rows: 1
# columns: 5
# name: <cell-element>
# type: matrix
# rows: 10
# columns: 1
 -1.84647174921323
 0.4219907454567851
 -0.7847982376886926
 -0.5555862254497885
 1.945436155664336
 0.913146007496659
 0.2007831956355245
 -0.5948623790377884
 0.05430552658444906
 0.4575691664183141

# name: <cell-element>
# type: matrix
# rows: 10
# columns: 1
 -1.365631775626348
 0.4214625253551902
 -0.7461456578170289
 -0.5465997031622568
 1.399767000085517
 0.8481900792006545
 0.2038138287703092
 -0.582243091707498
 0.05537204284495652
 0.4553375668371248

# name: <cell-element>
# type: matrix
# rows: 10
# columns: 257
 -0.1359588603470492 0.006731814364840128 0.02100781667198438 0.0878000991263435 0.005114674309780486 -0.03751897688466799 -0.0736015474843343 -0.0472915024188904 0.008545514190704786 -0.1073181850599161 0.02467482725775585 0.07638730554953801 0.07096589264948859 -0.03688019321028971 0.1667871591736442 0.1282778501546736 0.06696176070390031 0.01172804830081916 0.002355140849887788 0.02538849464881194 0.0798521337724829 0.1050488708594089 0.01376059386833786 -0.09268852316900122 -0.1219790957208032 0.09845787589865532 -0.008958961422973052 0.1264191539514966 0.03529351523388002 -0.1532892489488921 0.01885365515781569 -0.0504295017545698 0.01675854539720805 0.003311340946533512 0.07894757669864474 0.02860131678679991 -0.03776593898650051 0.003753843066277844 0.01034764390864207 -0.01432933121913023 0.03295046937341033 0.02198910675657143 0.005194957678892336 -0.0511926862551613 -0.03508990142344732 0.1030150115401333 -0.01206368321904431 0.04228599227524539 0.1324504799409432 0.02028126810964111 0.04664703944675555 0.01073791907125602 0.06531513264083678 -0.08822643365416322 0.07472497905650166 -0.06316373171696832 -0.1125038215072426 -0.04386426679000787 0.03614587132039204 -0.02240101854100704 -0.08963462421996676 -0.005657444506297752 0.07032437490557349 0.01176008127870432 -0.0115778350623958 0.1557388380052285 0.01689097373814761 0.1119828718719764 -0.05412466336415123 0.06988874749566439 -0.01672011476823358 0.07868402590844774 0.1366074442955611 0.01013467415893958 0.09676034312037719 0.0294992535898519 0.05246748072667095 0.003569632577744594 -0.05462989505746146 -0.04618266191552949 -0.05623458287596425 0.06309885991548543 0.0532684817079595 -0.01297025723444674 -0.0003065954137305156 0.06768834068740397 0.006760617314213155 0.1161729973639639 0.01592834229095984 -0.1557208790378724 -0.02561001819537045 -0.01827466132022828 -0.05864455270826489 0.03840550176133857 -0.0734125101060731 -0.01704320339653603 0.1415205164707116 0.0069738241439832 -0.07673475139439283 -0.09122075169110029 0.01524387932732256 -0.05708855406381991 -0.02060928518952293 -0.009755925508534744 -0.05032052238603426 0.08588615247923632 0.03207540824741919 0.007130954757821297 0.001163166601983903 0.002530822778278967 -0.0398774014260413 -0.07503935888929188 -0.1749881856118771 0.02672765184087247 -0.1080584344584595 -0.1218451136717868 0.007961137953484404 0.006408248531109753 0.06767325095503439 0.007258608665082127 -0.004852644368261124 -0.09475312933695205 0.1591021584469705 -0.09823360974159648 0.1233929878732232 0.1045493702929244 -0.0741269083656971 0.04230539391444268 -0.07482844121768727 -0.004124888880850525 0.09779997150419881 -0.05169126796516018 0.03317905505213227 -0.0007366356748884193 0.01519556936314215 -0.09848859962342842 0.05501396480060372 -0.01966910961310463 0.02394897712672937 -0.01219661697206952 -0.03459883624130964 -0.04199417188854294 -0.04592986120231879 0.08216560335572291 -0.06173372044700286 0.01105920811199686 0.003404604136492682 0.04000830795175728 -0.1523159309231353 -0.002520433724162901 0.01524484337983533 -0.02558918501211703 -0.04759448549296611 -0.03439284238279099 0.1490911981283932 0.06154328563198969 -0.03427612324558207 -0.03061325902793424 -0.07355143442821677 -0.06928464064094571 0.006381177344171024 -0.04735903648242103 0.08130272060103531 0.006500014709137532 -0.03436009167231389 -0.07445077580899087 0.1238324821417594 0.02570506266424663 0.0626534337446167 -0.1288760899988845 -0.08493486173990183 -0.05961274260070111 -0.1029776881581227 0.03404772199062144 -0.02685011337847638 -0.01198118048375468 -0.02622913292517723 -0.01690846421050678 -0.05211198180102253 -0.04363080676692303 -0.06059372400804482 0.1116284394114163 0.0786240257776558 -0.1262674939208503 -0.04443396756462412 -0.1487426733542745 -0.05127636321450364 0.08093335225738379 -0.001211456600359015 -0.0993210073664451 -0.03551415340055034 0.0426419931147192 -0.01353466365681204 0.08909328598723737 0.03434859660805602 0.08025179382985861 -0.06370817997502576 0.1145021310342306 -0.006406255854966027 -0.0492567699095535 -0.01358600400724387 -0.06643066958595939 0.0294811615172025 -0.03387116379691447 0.07449078783476709 -0.0245564039191857 0.01195258131764356 0.01655861000154651 -0.05108037304227174 0.003839871501743988 -0.07189706405547718 -0.02672436075586235 -0.02287290834021974 0.09623432349373545 0.07794041760889854 -0.151610420822748 -0.03202320829481715 0.001034571262130813 0.06639478722752046 -0.05462831025342536 -0.05550440835263313 0.02973032171845592 0.00571782231633577 0.00864482538560608 0.01837441441310488 -0.09754297468293004 -0.06202405415856158 0.009380554911674862 0.09376332394217925 -0.07199892275419527 0.02340603976692882 0.03456555671365626 -0.001213620181073062 -0.1846956581395576 -0.09282398102382541 -0.02376952910085595 0.07694093483622101 0.02807294750750075 0.02501026419055331 -0.0436938121791658 0.04235527777285923 -0.03303747002522394 -0.01221257303859732 -0.009804805474544235 -0.1103740133161486 0.06540140882764769 -0.02673480958165486 -0.002392736535471965 -0.0005350436261613088 0.04705844076059847 -0.1680752125482193 -0.07529535980562641 -0.0801986390026951 -0.05408602402161505 -0.03893144862474169 -0.08982392122986481 0.02447919253174833
 -0.02531467368115562 -0.1526190281265267 0.09094045858127199 -0.002531446360096038 0.07176952836794818 -0.07169132516691937 0.03336876390331225 0.06000500074894002 -0.02627357632790806 -0.005267838123986521 -0.008090040212782279 -0.1221663212206812 0.03477692691378632 -0.004967223029495183 0.06709590926514995 -0.0157636373400624 0.09393037274144306 -0.004150552184101827 -0.1509727880340122 0.08909471394213439 0.0399298800775354 -0.0647932000217733 0.06749053776385003 0.01569649152244544 0.0647149480421219 -0.03253446847404803 -0.07573991435595977 -0.05439406914873606 0.02033338024103023 0.08683907970421412 -0.0645990662227119 0.04848544712480881 -0.05310330486798949 -0.0576510875699106 0.03671448165147752 0.03412184006054014 -0.00218353418325548 0.0510698608656282 -0.05686599477557761 -0.04886648758167212 0.03327308818159921 -0.06194223792619721 -0.0183666539464485 0.04018221411577701 0.08005175553631333 -0.09000429264911332 0.002942959059655959 0.004276320467325624 0.06238448319913978 0.04362593948536928 -0.01099512010037611 0.08397855256004483 -0.0739312066646132 -0.04400794626855518 -0.1389734123791291 0.02866999739576917 0.04209948213667269 0.06258195346766095 -0.07245795747201411 0.01350921979855233 0.04575873655145406 0.05611956314406916 0.01536403767191323 0.005079313463961561 -0.07111426543055564 -0.1569784246283508 -0.07803051345508412 -0.0209108780668652 0.04935315882914834 -0.03538877807194418 0.0008588744390200884 0.06173119735183866 0.03871736174729706 -0.08128386457328206 0.02000572044371493 0.007763717611495045 -0.07324129874656989 0.01295911289262203 -0.0574327516362906 -0.05236684042982307 0.05280315908648622 0.04169667998069301 -0.04766800446580294 -0.02081898163780614 0.03087479928417025 -0.05280928883841888 -0.07239481373517243 -0.06335525799022336 -0.06245804605336846 -0.05252741071755357 0.07278351698816522 0.02793144673579235 0.03474843244688916 0.08637979364433686 -0.01758277214241657 0.06810366790700478 -0.01573406404007374 0.02163586327483632 0.1283441826173338 -0.1015076740896617 -0.01563235022008105 -0.03903762958411515 0.120608529753234 -0.03803854083485712 0.08628860431833381 0.02719448912011926 -0.04466685948854624 -0.01778018305556663 0.0129974142799576 -0.07553780738875292 0.01708952236784306 0.05432664077442523 0.03223369350133481 -0.01292906571549268 0.02786742450385342 0.005352349274014145 -0.008389024615693276 0.003291828994972315 -0.05585617801481461 -0.02002766229024036 -0.01624261685253431 0.06376490838671363 0.05079832928767835 0.007351713224102462 0.05917924358371571 -0.04104503768571475 -0.03301739328391141 0.004070377683074312 -0.02294514163376754 -0.04022963638223388 -0.1193750258485616 0.006176011867878159 -0.06275572316437217 -0.01014903536194284 -0.05627169705646571 0.05356548860778537 0.05494798001298209 -0.0143638224816443 -0.07316240199760543 -0.1129528312955418 0.05519324113194165 -0.04853768413084614 -0.03861953396954718 -0.001398309035256344 -0.008764609377696211 -0.1212851719421371 -0.007716293982743557 0.0869660248343521 -0.07034661286716885 -0.1075025001123506 -0.05614844278879561 0.02009320334347506 0.1262172874249225 0.06423832083823973 -0.07537233139448843 -0.07496732594967355 0.06720264929995717 -0.05046129673805633 -0.009396603832424483 -0.02090888228358326 0.07604221528943754 -0.01828112644947555 0.02973284056623114 0.05627255419607369 0.04316181443174378 -0.03807421735045938 -0.002393838996458832 0.09464924753193965 0.01322306792709183 -0.1482543436332521 -0.02965987926621093 -0.07044438063787778 0.05122603768005764 0.03336933069038461 0.04066388212167953 0.06265935281398885 0.05190802282975458 -0.03588344940342387 -0.003042296516773653 -0.07153058274980285 -0.04108428179415327 0.00675358559668855 -0.1069629876814013 -0.01281342516282342 -0.01871176173132049 0.004605904655077976 0.0505383344413059 0.0406711228468938 -0.01581117765349436 -0.06453522120515125 -0.07685656407828953 0.002457424702072737 -0.178892899869823 0.002868047582338692 -0.1036582155331756 -0.01017584438222436 0.1451554120977864 -0.04677009019570084 0.005487095291474625 -0.07072748595608783 0.04949540789867381 0.1018059787204234 0.02810140000154016 -0.1116183233308888 -0.1408352827657754 -0.1289403208258215 0.04084223830693021 0.0423969462401127 6.951176319536497e-05 0.01826936914921662 -0.06728244376606646 -0.05901180491332125 0.01572477783887931 -0.05501185631495395 -0.02193477964221719 0.07356170380946496 -0.07125111859482772 0.05427835221410694 0.01908998122448268 0.127439484102947 0.1540243378320749 -0.04115489394868977 -0.07051685830255473 0.01560434444504313 -0.07476232038397505 -0.02020737033100566 -0.08939388540557347 0.04465660023036287 0.04540815068582565 -0.0016612157021097 0.03407477809050569 -0.02728010330532898 -0.08577165787028655 0.001123520690615037 -0.002701140453378401 -0.09150713296767161 0.05862767029368758 -0.1410196489710823 0.03451084272407879 0.1295211099225936 0.05704843498731139 0.0619395014369277 -0.06302849054213908 0.01909835671515674 -0.03182527826822365 -0.05095365020823669 -0.01734722677766229 0.03969501983990908 -0.03558439476285517 0.06989119878360492 0.01834031751595524 0.03015405450193034 -0.02334049958567489 0.006466732748856041 -0.1047654952217035 -0.03932483996867386 0.02869252582348638
 -0.01810585613740393 0.06393709026773259 0.04511218086731306 0.01410398840995667 0.0485125933024839 0.07525263628244795 -0.003579252446839297 0.04111178970574431 0.09909799196645677 -0.001516323697603429 -0.01354991007783572 0.02286603978098831 -0.02234173023721052 -0.03464903339274457 0.05896394004757833 -0.006452369655264478 -0.076943299847825 -0.04900451388235961 0.0003553084962431799 -0.05272246728032147 0.03159658614836637 -0.0137649122920325 0.1285342279954396 0.09313283473713097 -0.03484319849648451 -0.01255584656910137 0.09080957516724655 -0.006400183139920418 0.02922256746894207 0.01821499606620934 -0.03680463486064814 0.080096093721749 -0.01189341382746784 -0.01148523555443233 -0.03539735035368335 -0.005262057902558528 -0.009168975929584263 0.07404547195838747 0.04536908370137299 -0.03529543754027657 -0.0002502563240056224 0.02439419178254675 0.06425031803440465 -0.009838392080476412 -0.0436352596278802 0.07532390718607147 0.022563710313112 0.0337393644608546 0.01978387313648625 0.008002895559150522 0.0473720230399633 -0.1207202331794774 -0.07286947948120397 -0.003383503447249596 -0.006963955863172003 -0.03760368957318983 0.01460931203502232 0.1208139603431996 -0.04828750372912227 0.11212534503825 0.04997179870076311 0.03061311369498953 -0.04319142501220797 0.0341138145116509 0.02617917996587748 -0.06553199762282202 -0.00406921155188732 0.02935630520926252 -0.05516002619500215 0.04200576848668875 -0.09358388546045421 -0.02702716829121168 -0.01696940314144775 -0.04661625007848943 0.04871048860916812 0.07600655264401386 -0.04702658460656482 -0.03660701793005824 0.07796883352604285 0.04105013314070922 0.07320729974255202 -0.03191604691373939 -0.05893650718002116 -0.05596720832592644 -0.1092835169574951 -0.01280764172624644 -0.007736305810164835 -0.07321577019147935 -0.02033673481127362 0.001519954458029 -0.02148882802880665 -0.01084063853884234 0.06690080212507367 0.05328832020876718 -0.04342772998437936 0.05398397195866399 0.02864739496999706 0.01603742022167622 0.01639078012723488 -0.1570249231444403 0.1736817824221973 -0.0237302031081268 -0.01687275817575129 -0.01455777048731159 0.003437289832340501 0.06506515393306307 0.01351616689012426 0.02794990396840086 -0.005790245734067901 -0.01516511499750499 0.06339362128799403 -0.03071705216810992 -0.02151551958911717 -0.1439382344267016 0.01906811800583158 -0.01505348999926564 -0.06315414147017449 -0.02655736699032111 -0.02915381304437378 -0.04105087591847572 0.04071432555997593 0.02121443904851178 -0.0721612192790769 -0.03135274308399583 -0.03730064498178573 -0.04239266406781738 -0.06725502060772771 0.004088113939671839 0.06711190959493758 0.04347988215042724 -0.009402130217675544 0.06786755782891968 0.02323219963334857 0.007508184108760621 -0.06615841475673387 -0.01871764574066175 -0.1125433474066846 -0.03141441484067864 0.009934872941178213 -0.06540922887493486 0.08975743968152494 -0.03564090145196511 0.03559295529946844 -0.0377737247865375 -0.1057937841377549 0.009392122706354285 0.04211810224742595 -0.0164100533180601 -0.08021619106235484 -0.01267022339350707 -0.01192952929357419 0.02628554455248563 -0.0334939914086092 -0.05146504788550971 -0.01597763374385008 0.005813632669401295 -0.02395295264845476 -0.03236497107449539 0.02686464726221229 0.00710341886162155 0.1011460893306572 -0.105263394415222 -0.0335131687031314 0.05358010213796643 -0.06625847527929563 -0.0285348674853212 -0.06923328645092457 0.05318328809909521 -0.02082517544190676 -0.0003334472964024231 -0.06506637371603821 -0.03459867785411048 0.01855821063513857 0.004790599416950392 -0.1152918652876085 0.03378301574081757 -0.08911859023578464 -0.02656260838371207 0.02648378883384126 -0.01022128011952599 -0.02879449640787813 -0.03489042461848837 0.0667516086955971 0.01859353923066472 0.0277024302219504 -0.1098523230124507 0.02788950301437999 0.03455958639300009 0.01148957166571401 -0.0001512441250523604 -0.1383794953744113 0.03462636124107567 -0.08772391018579569 -0.09209757489586513 0.02496700160209481 -0.04925151460193743 0.04743736348670963 0.02112294213547184 0.108060065418817 -0.06852071521914395 -0.04589932167410621 -0.03173746651360249 0.06304082774855019 -0.01730686076687953 -0.06175240873881817 0.005387472201821987 0.0252171197831654 0.02101276058887045 0.02747103411179474 0.02771374763851189 -0.1256204861529137 -0.0279195801892692 -0.05996121590351906 -0.005650203163479846 0.02076882361073395 -0.02189798305496653 -0.02319911971254972 -0.02762461166967536 0.1069609189221536 -0.07410712055859335 -0.05590905549260711 0.06411587864964695 0.07977368803962739 0.09275270522227928 0.03511375886833693 -0.004272023817046946 0.06733407273820141 0.04224626683150452 -0.02452367284370474 0.08818664308805529 -0.0440805839374766 -0.01971793225041851 -0.0563376683192431 0.04586628365494397 -0.08035537603099228 -0.04062496209966834 0.06104298791989003 0.09910826415611798 -0.0242362287356558 0.007890574699303363 -0.03681771762068552 -0.03594034686071387 -0.001579260156724917 0.001685014088590965 0.1760268578156176 -0.04822529541115603 -0.02037034995886142 -0.05715699584967133 -0.02201551400631249 -0.1403857487212437 -0.01282345402963925 0.01097863911995657 -0.1262134973997998 0.04856343710525104 0.005780431087641344 -0.004686164198491277 -0.1164399676768918
 -0.06423040944617552 -0.01301099966811976 -0.03767468567793566 -0.0767114799598487 0.001930586850312619 0.06745165447172084 -0.0157795565655197 -0.02623591615041385 0.04363289831678122 -0.0710209516602326 -0.02628015165902466 0.02609086625127842 0.004088873021891544 -0.03739508774456898 -0.04390946951475896 0.03866658751706835 0.06514640593410442 -0.05500851470964681 -0.01375692943603359 -0.03087422427794731 0.09127770443936048 0.05005168009225737 -0.1083509228877405 -0.04931842696022711 -0.0301282564912979 -0.02557177271829515 -0.08860158058042872 0.06934262747466606 -0.1830415109451564 -0.05748525502627833 -0.02209604194366093 -0.06170035409866452 0.04397350516554717 0.02272156463012268 0.128245758967498 0.02377558915863062 0.1614930736541988 0.02160060547192605 -0.02921299834911215 -0.01457121822374694 0.1661271260624971 -0.09964660165211031 -0.2103649061183286 0.0418718601269548 -0.05461197176670118 0.06230473493186198 -0.07408053430109611 -0.05945525480414917 0.07818551563379486 0.004357954260404859 0.08412579011053069 -0.008876056708350875 -0.02881968451142794 -0.1032638542870652 -0.08507456361207841 0.06110907438261626 -0.03784921444137374 0.03170592105883517 -0.03268810320911552 -0.04588774496720686 0.01648412517908639 0.1009420526308619 -0.08813708039002588 0.03113093055773931 0.05538937894608929 -0.04833086273678638 -0.02965120536140824 -0.06355164819008799 0.02813189423809087 -0.07909244603678126 0.03827350366332867 0.09272952332980242 0.02249464268831018 0.01407359389932413 0.01538148474873402 -0.02644910266541849 0.03004613040138545 0.006703189583196798 -0.03537451486646319 -0.1266250465689414 0.01507797854909607 0.1366337547075225 -0.06350296410781178 -0.05002474202724184 0.1060898147009018 -0.05075767695472124 -0.1240207416515268 0.02548303914764698 0.03028536604237153 0.08211548488600164 0.1053299587993384 -0.05384666053343244 0.01862625222789724 0.006643270319774094 -0.05275287375174727 0.07303415080064599 -0.0208700523937212 -0.1106295663700842 -0.08487527264921219 -0.01343886748012707 -0.05896166420850861 -0.02069501750282418 -0.0519147945143504 0.0003518084033810898 -0.1314754252845413 0.07260179979586827 0.1343289741776401 -0.08802293905634435 0.08346926382898 0.07171232863214262 -0.04853841034402757 -0.1000672910692434 0.007203384918560752 0.02396614933313283 -0.07821677578362843 -0.001141101527560739 -0.1136072022580349 0.06313734189812988 0.07554545063485649 0.08833083575531456 0.1015080708602941 0.09515448327152654 0.08168293873760564 -0.0957026174650836 -0.005191480053784532 -0.0269493681040639 0.08596486667509159 0.009234188017603399 -0.05351686224885319 -0.04303082410661815 0.01926748547486149 -0.1188942269773419 -0.1484326019579738 0.03737245745828437 -0.1560237009845125 0.06349596332377967 0.02335061997375096 -0.0594876926818519 0.01315386511000125 -0.06484859716677335 -0.05097216688875256 0.02214530473698684 0.0007144965058800769 0.01024053154822421 -0.09074715725183889 0.07842996812411389 -0.074910971248251 0.04045367842328362 -0.03165242581187668 -0.1052781329631337 -0.02923441762324715 0.03185927601764533 0.02723498958088792 -0.1157326015256476 0.0726308006728511 -0.06931853276727273 0.02632035468652904 0.03383347297285692 0.06449671745885667 0.061532159528105 -0.05185848430264342 0.00217728538637119 0.1416281545693206 -0.05327067665815968 0.014432126008279 0.02562303070771582 -0.04908739824916692 0.08512191129766981 -0.03582833605849772 -0.01714951465371115 -0.1668945926667432 0.0177229130927735 0.04998095443209086 0.04403845739149281 -0.06810675236584898 -0.07632485004037474 0.07121301336597116 -0.01920157141206568 0.08623958249491498 -0.1320058283484763 -0.1193600040482319 0.03662221846674548 -0.05816141649218137 -0.03293385777742863 -0.05962665749522041 -0.06147748033264593 -0.0428000358145062 -0.0227689154663629 0.008308841330108001 0.04130913545397 -0.08230073497866323 0.1186572845353564 -0.05651273444131286 -0.02382457365475599 -0.1175460080223967 -0.03644242376577587 0.001536993494130017 0.009931730601095605 -0.05207056164519363 -0.1197016723715459 -0.001271759452728158 -0.1160537153751779 -0.04470029980271619 0.06790884229136228 0.03590384224672828 -0.08215343369024244 -0.03228348422782058 0.01016523681884384 -0.02315320820185453 -0.06531692102109932 -0.01619064678446736 0.008953808932358816 -0.008430548764744529 0.02052494849390234 0.03174517843603022 -0.01445622124582111 -0.09246096472040807 -0.008392700698222434 0.06456993992579037 0.1138908883518344 -0.02655759445086076 0.06915832224510066 -0.07178656721372823 0.03709090779281279 -0.04745759649640865 0.004164389585512899 -0.08267175963780529 -0.01301155917995578 0.02475983812359822 0.0490497833835194 0.05622411035335688 -0.06399218652571971 -0.004513492014213033 0.06646619758298006 -0.01760637861179936 -0.09066257991244779 0.06303735791086099 -0.02917109017286739 0.03358230474287442 -0.02670228524204637 -0.0001339206932141042 -0.06005958096787845 -0.1136605432380484 0.04038631630796802 -0.1030079904998038 0.1126686549832151 0.03011039617785157 -0.03170755795275184 -0.08269405732486933 -0.07387771565230301 0.005974743825761544 -0.1082795580995046 -0.01977515636055792 -0.05748538918327332 0.04983462333464665 0.02958788792021939 -0.003127010268030961
 0.02082735797098598 0.06299815126181348 -0.09837117985649255 -0.05183925234823724 -0.004596145405574393 -0.04850240552568609 0.03867336278351852 -0.03937692664238991 0.05551617509048173 0.1102374020752276 -0.05343762552146336 0.0278010041895334 -0.1004333509030276 -0.1390342535628827 -0.01898188359733632 -0.07042678812420401 0.02589990373544499 0.009228965730163101 -0.06872246704694035 -0.1072532424640457 0.01363314185576068 -0.08289386855935624 -0.1144422651329221 -0.1296753091149699 -0.07064653157316302 0.02966423803700686 0.01616223012949564 -0.06385460900200524 -0.02305718639163637 -0.01902982520148576 -0.05400243647466373 -0.02321046419393451 0.05146994893898064 -0.04720791643455312 0.01961818310247354 -0.06590040734910795 -0.01555382192723948 0.04713632552936942 -0.01326544938639088 0.1306080845192338 0.03693600412381112 -0.001556263535137798 -0.09415217096331924 -0.0155221691360486 0.01999743951232596 0.02461630154719725 -0.08714752326111387 -0.0006573844879335869 -0.04444945008526111 -0.0128150235574714 0.02727198137847114 -0.02069651426547878 -0.03133253385574025 0.06190867859830423 0.1202784451018969 0.0354332177285677 0.05489176171029878 0.1049619022339137 -0.05365717569417873 -0.06647939953458765 -0.02896380537618417 -0.131062062783742 -0.0759657285345542 0.08881753648110255 0.007596984474119244 0.1332018818648031 -0.03029117244585187 -0.1269553961683267 0.001557996203570067 0.09181923650024776 0.1118342447364254 0.04449229725635975 0.07983848650686408 -0.06179725298890565 0.07351987099321082 -0.1357287751629257 0.0210148931119737 -0.08951528046673683 0.1140684713076461 -0.07017759335351274 0.001927086751822803 0.1290181948761644 0.009120341421817028 -0.03477150440031673 0.03288142851251873 -0.01479657604570975 0.07292869547763843 0.08804362723861513 0.05225423761173419 0.03266006546302759 -0.03972312862683833 0.05567825947989014 0.1058270078017688 -0.1143417864249 -0.03483779970754034 0.05696051451376245 -0.03695715996094327 0.06377711761829473 0.1581827584099288 -0.06004192362227181 0.1954917761889478 0.006995489850833414 0.01959289248581419 0.01957203073945668 0.0200861531653788 0.1020855064533035 -0.006225702440229454 0.09081944436570913 -0.04780340634066 -0.02846272560519066 -0.02167675549259535 -0.01082632574966181 -0.001596156201425929 -0.0210066296384475 0.06346679215720902 0.1004829426693436 0.124284173285912 0.1221972258692358 -0.05930653182387629 -0.04955092340292829 0.07020135267799706 0.0199512187039326 -0.1213447764601784 -0.05135347676365253 -0.04082416269504233 -0.01409215237204268 0.05314404241827115 0.05787844132278432 -0.06722807867671261 0.09491536431382243 -0.04493950174769047 0.08462474972146941 0.07726948931691281 0.1227851919471672 0.02159594050575868 0.09483081248689797 0.08054352613115194 0.1190204609546551 0.1174815101001671 -0.03798299938031886 0.09868967849804827 -0.02546654763970678 0.07662968252077985 0.1422039589822957 -0.05019792907091173 -0.07253448752716044 -0.0682776902620454 -0.0109452171190555 -0.04228340090551767 -0.1353949708152267 0.04585677189963703 0.0392575225748548 -0.04117642928458384 -0.03204653153994909 -0.01119309013807216 -0.0182473760368158 -0.00417943095010411 0.0623302297558344 0.127675825629623 0.02304139580748918 0.04650443099963516 -0.05765316893144627 -0.1142686532004013 0.09094913807124926 -0.06835280188805558 -0.0520660385809789 -0.06847477684896439 0.05698436591110351 -0.06398817293046519 0.07579495195251638 0.02537954584946643 -0.02365182210261154 -0.06728888696211016 0.1188402965601483 0.07254654581904829 -0.04559451228017005 0.03351195745233806 0.08921057446642043 0.07911885590307813 0.001536552797880278 -0.06683588405341918 -0.07586609652955761 -0.02639237894833948 -0.04101880464987438 -0.0372075837318268 -0.0204685549648363 -0.08942586046286359 0.01216050138642769 0.04188167533410852 0.06427687376702541 0.01954101068013967 0.1046980198426651 -0.08357751611683838 0.008022933212120845 -0.07408932708752046 0.07514234660942948 0.01035637102544747 -0.08874723150262295 -0.04618058478759395 0.1085813976533558 0.07455413260506812 0.06181895355270713 -0.05709765845491058 -0.07824884767354724 -0.004627111285793932 0.07731239965064275 0.05717546149435845 0.02536445381397979 0.07777759964391717 -0.04103036553435659 -0.0001083583114731354 -0.02708915374730729 -0.01012203069683588 0.02996455170789726 -0.1065987088264564 -0.06806220706199288 0.02698328932782283 0.1163375875960114 0.05618562026833961 -0.02412740095266894 -0.02700843163318899 0.09554540627237411 -0.1064508339394052 -0.05550239010985222 0.06259700845314577 0.031719573154893 0.04864073236671431 0.03194986666026073 0.04492234059639826 0.1190639488583123 0.2117441281982629 -0.004145625665742465 0.02597929756237321 -0.05137839637668127 0.07148955015363349 -0.01122045407312935 0.002041507268377077 0.0210764659352805 0.04536514136960489 -0.002760775796518604 0.004257304001300003 -0.08302243033946326 0.0259681194620436 0.08837789221831129 -0.002449306501806121 0.09745148218360898 0.07753710592308853 0.01937148960804528 -0.1043663194433156 0.003421570591234119 0.06308828313684978 -0.0001842635359271764 -0.1372425909968583 -0.07125119806393383 0.1448739025283244 -0.04060471817357075 -0.05246763753998092
 -0.04170072406384483 -0.09186109396286067 -0.03244008132118971 0.03906354817522467 -0.01889903730492748 0.2670931373647246 0.03372366555781015 -0.02631535354288049 -0.02205932346993047 -0.01663630934225018 -0.07934007274860685 -0.0176299683573616 -0.1557121670466754 -0.01980837840290278 0.05206618334309454 0.04676348762421842 -0.1136610333072295 0.05731585685301355 -0.08087395030619952 0.008969297762149244 -0.01824540789837778 0.02879317488465492 -0.03278497935947889 0.005853416227937063 0.09812589682739478 0.001361805163525464 -0.0226379185700423 0.05727255627583786 -0.09637400201059633 0.03633686586357131 -0.007808171120998247 0.05000606352530083 0.02476517651469648 0.05024696042669869 0.0581191678537581 -0.06607608596732932 0.01620587728027865 -0.01911042512877088 -0.0622123232901971 -0.0423357560332567 0.07191744241405211 0.03755522908702481 0.06170236768770455 0.001510608200261318 0.09475697048989669 -0.02132747353133331 -0.1199121669852587 -0.06274011948112475 0.05394049055865244 0.02602243195955595 0.06369721561262325 -0.1340528607161529 0.07542773460705335 -0.01655029235366107 0.1014297036470871 -0.0634129406555437 0.07662148585945285 -0.03896227752022648 -0.0040735607782117 -0.004347842412693205 -0.06221375880717668 0.008319457246886694 -0.05034812253734227 0.09494342903271888 -0.05526690915175302 -0.08141404313589581 0.008884119512138838 -0.04497330262624978 0.003385224611812143 0.05285095024305238 -0.02637547201229396 0.05612147078179379 0.03601955087696 0.1109630220101777 0.04888755474401617 -0.08513475890012809 0.08672449756871338 0.02007784676184454 -0.007618850098993978 -0.0715286130864716 0.04711602620060031 -0.01180079899765757 -0.03093291186321637 0.07846481583912718 0.04944395575734883 -0.131531829912326 0.04976382306647068 -0.02644006601766262 0.1174338667950443 -0.08552059868309807 -0.03283101729341757 -0.04387704086304216 -0.02168304863502525 -0.09290106886244534 0.02236588359734619 -0.08566983806949864 0.1819461319179402 0.1034718492639918 0.01524466041371631 -0.001239718367974133 -0.01082954272646563 0.09458651426219326 0.01539881627566443 -0.0847913487026509 0.01462704923359712 -0.02434563379401568 -0.000936681908363927 -0.1332873853980597 -0.06121003246298458 -0.009423899645825165 -0.01809735543190317 0.01259282911332921 -0.039808570235528 0.05364480687469808 0.1427129234047527 0.06839735820008051 -0.06217936086678035 0.03263898074894758 -0.03927548833675436 -0.0329488377998449 0.006500116043242594 -0.04670133163137244 0.02150207088659363 0.007676462374178287 -0.003362792379340066 -0.1294798301564423 0.008404367862846844 -0.04759869006261045 0.06788174360006134 0.02231044555812556 -0.005280119976176406 0.03700625278447239 -0.04344616943969007 0.04596969798591868 -0.08193085444120121 0.009467157579495587 0.03831094545147062 -0.08392604092881724 -0.0260154449033955 -0.02867362933590715 -0.05603854188407167 -0.01372024468325734 0.1172050549543735 0.06200367810756477 -0.02092448472266436 0.04505704052239049 -0.08904819573250297 0.07946892878349228 0.1112779704835598 -0.1231897148789358 -0.0502659997189128 0.01253599933993 0.04092289506544676 0.005960678750792529 -0.06915144084412747 -0.02809483309020271 0.1509089230448976 0.02474450221734038 0.03755404574367142 -0.01042414153976526 0.1237764201198803 -0.02888985819788779 0.06886924381242829 0.0007671093318596558 0.02032681411963516 0.07409089421038274 0.00538871388988217 -0.006876072342483514 -0.009827080201434109 -0.07210045132275868 0.01059829252687222 -0.04269271776356702 -0.06403210191657455 0.002904783977830139 0.06547047327498776 0.1335937467287158 -0.04005904646183728 0.1016977804865147 -0.03188052672776445 0.06836498662959689 0.01952858890804391 0.004768543732603273 -0.06253960464482236 0.02295385025179107 -0.0368524206516155 0.02314415329135311 -0.05226302404259763 0.00142021847478226 0.1071859617700367 0.08059452630739869 -0.02956497975852429 0.1484459059043879 0.01632896274712631 0.1204759586768836 -0.02229126974738013 -0.06224103670514117 -0.03089225329465996 -0.01003392968156814 -0.04084853736567307 0.05114408486286922 0.0171217092437753 0.04188455927845445 -0.001509590857830797 0.1378381905599432 0.002393478317821941 0.1090152895455965 -0.01512207103085074 0.0006488490137588959 -0.05210651623435533 0.0437556757153721 -0.04674535432128313 -0.008441921623733485 0.02607356505796188 0.07110127955204763 -0.0941324575555554 0.08850348820271028 0.02721818144294384 0.05516099939374923 0.1048255648500667 0.0448072188281943 -0.1091278799368445 -0.02361071487370523 0.04258248153707855 0.08063226221553436 0.06704261047091092 -0.02770388332553643 0.02736823356823463 0.07616362266216885 -0.02395623725541159 0.09514490426930709 0.1248317210589728 0.02012375877414269 0.05378485580768252 0.03158838200371018 -0.07113932656373814 0.01141434825940008 0.0364826434800675 -0.0235125326877684 0.04001904207216886 0.02445202211735024 0.03499708785639061 0.01306645342748254 0.1228858065227265 0.02948643113164756 0.02525200450179997 -0.08677996875832125 -0.001020805959582484 0.03109187629314663 -0.02587170347080678 0.1020909270385513 0.07809790448937363 0.09545980364578273 -0.01884827467130064 0.08228469021917449 0.02383044578475525 -0.07237236270814323 0.03025020223405702
 -0.08906941894483317 -0.04030745995413035 -0.04252857327673742 -0.01460578022360689 0.02279085131749192 -0.04066752829458867 0.05727454161623381 -0.05399941682565776 -0.0013618639500902 0.03896822363950046 0.03337352067599667 0.03826494867616512 -0.1061445134088312 -0.01210436356955237 0.0229810154801184 -0.07471811507605823 0.07702864158739323 -0.06809729530843418 -0.001093984068164642 0.06137441597217934 -0.03640615990295119 -0.1443352153772764 -0.002471466526125125 -0.003750207962602643 -0.1121764862530603 -0.06287386165324772 0.03744749868321806 0.1085453834227052 -0.02255857859457324 -0.01299476694110656 -0.01996203603201796 0.02444527287828872 -0.005290026166353587 0.03207860668591439 0.01411223403627829 -0.01143622034185239 0.09692415329447772 -0.02557649893327617 -0.1134948199814422 0.03313954314008379 0.1224253310385359 -0.03998865753618461 0.005431793591534749 0.01988490003309378 0.1324220252215167 0.0005086667914208478 0.03965454414263461 0.05629721873158561 0.002400316120187292 -0.009335373967273542 0.02184535176212254 -0.04143580477869836 0.0785804483275573 0.001085710399460604 -0.03777299332564196 -0.09731691612223319 0.05404656258656455 -0.01714436524045651 -0.05696133354416834 0.01412307683566171 0.004542067933001671 -0.0001738166634350027 0.07098056900360114 0.001426015980224264 0.02602397281179258 0.04615399760112902 0.01736489431945573 0.07938341614886389 0.09036776812461882 0.1803082535320654 0.0887850594464063 0.05590002087807325 -0.03056748494577902 0.04070489160452179 -0.01532127085597279 0.00738856806408455 -0.02921914194070679 0.01797950636126326 -0.003074843424439571 0.001708548531864285 -0.005077010977677789 -0.0957396434648415 0.09228206204306059 -0.03507692025648422 0.05144051873809244 0.07600094204535159 0.1067852129049005 0.01781138595438506 0.06513477188779047 0.07921927861246826 0.01071491590304094 0.03133748754249763 0.05333214300446096 -0.002596120692158851 0.01272294446033064 0.0180991486711295 0.03637466889478722 -0.07539694618752686 0.1836298250135916 0.1340943129929302 0.02147205316013594 0.05278811080195144 -0.05103201465004208 0.04289855176646567 -0.06649699470013677 0.01872078282983564 -0.02102960622019476 -0.01568046826338727 -0.05872920523108566 0.1123432101735085 0.01718387320422095 0.08073505658430968 0.009017914840774096 -0.002915582790035457 0.09477306992558199 0.1160034978474144 0.0225118181728482 0.02990055057412477 0.08612155068864334 0.09637848581768034 -0.09302523051057161 0.02429041410182651 0.04357818842621321 0.1484291551118787 0.1251125073825509 -0.03338864728451331 0.06617647230462403 -0.07400631520118141 -0.05216124024734001 0.003843263944491524 -0.06064966993582412 0.04192529459537607 0.04935027525849583 0.08642289765552993 0.06835912459217026 -0.05784673310890925 0.1081484372703004 -0.04168620907712481 0.03770770593134902 -0.043190628886427 -0.02594665076103482 -0.141810837207344 -0.07614357797296378 0.02549634537254567 0.06714130009879919 -0.03849111691793804 -0.08407784407352864 -0.03212679129610162 -0.05885616601366411 0.02472221798340601 -0.02105802741774418 -0.05865730369894129 -0.1344277573274646 0.008207013330810047 0.08413918398269797 0.03462921849315295 -0.007611468785349862 -0.006263750180424136 0.1026309482748426 0.09026077434136989 -0.01314853449924116 -0.04575156792376988 -0.08649949378288489 0.1040977645631604 0.0395623519256417 -0.08071319050318722 0.08637627706512011 0.09901639307742466 0.05720709621364884 -0.05601389382790585 0.03677474898824964 -0.03015063478804964 -0.03109451678499364 0.05909416218304841 -0.01964358474403874 0.1073525669645009 -0.01408273708510601 -0.02419575774727742 -0.03145542730289776 -0.08874057421665507 -0.07837824216860123 -0.06617314987094625 -0.08122363598073448 -0.1531120912215476 -0.1044320719855567 0.05957552116129059 0.05152801568304915 -0.03086994711113136 -0.02775169967363084 -0.002677270213716301 0.01479128325483914 0.01409892133982592 -0.01767217607514483 -0.005985730205164928 -0.06368619012248647 -0.03058287556041435 0.002015352316590896 -0.09890216180971204 -0.1374802893434146 0.0487259046131379 -0.05479034556681475 0.0127513417011529 -0.01451301003299 0.1400138400434594 0.0723260444671773 -0.0003461747198954993 0.04872906964423555 -0.1402720181251438 0.02068907080654359 0.021118507406692 0.05349814059210533 -0.07968534065482287 -0.1219508704383374 0.05164506099745394 0.009778808839687353 -0.05439810437570215 -0.03901507814272685 -0.05743374653334746 -0.05899489548775277 0.04263425739697681 -0.03942232321937441 -0.05996844954192137 0.1128313111445491 -0.08517255744275314 -0.1247027564756056 -0.08817159345432009 -0.08939035133176594 -0.150903909174538 -0.1869050988524976 -0.006526520282987746 -0.0290831189270679 0.08807576465355478 0.009542950051372274 0.02243643073505326 0.04425149703553613 0.1146204764973531 -0.06808370994714834 -0.04615943860437158 -0.09282810172026797 0.04568109184702319 -0.05448663931636263 -0.03567825393646205 0.03776727467889095 -0.02554255485798508 0.02230659512963112 -0.09964747974749619 0.002038130099337587 0.09083458727634081 0.08717393017682031 0.1327012340294008 0.08855487123029014 0.1214354787612759 -0.1556852351517151 -0.04815748361122855 -0.07294439281925821 -0.1326524881623255 0.02293872571637244
 0.05447654087387049 -0.04369082807253933 -0.08943867250287767 -0.08823096742617705 0.06816057794361401 0.1086430502260096 0.05697032611410757 -0.005625150168726222 -0.1593674202239278 -0.06971051696425 -0.004364392650178043 -0.002203728787685839 -0.02532036101275071 -0.0152168896023348 0.141266352897603 0.0873755434325463 0.04643204731477621 0.01663086144721892 -0.1168512412424969 0.07699135545806886 0.0526562878788574 -2.903925079493931e-05 0.06586330328950517 -0.151067682703209 -0.05983783704198489 -0.02635938546000227 0.02756403182834821 -0.02556615172112798 0.04602234023729272 0.03682942558805986 -0.06347734452688536 0.04594937008096115 0.08200917551614853 0.03863880336198922 0.07546165940366933 0.09136520922228247 0.09409474206695766 0.05416040451672491 0.0007780210362789468 -0.1050767388786975 -0.01603564918622473 -0.01755972700188277 0.04152892813743339 0.2132991903939839 -0.07828709456587221 -0.02607673852167483 -0.05010456299115549 0.03720740859031978 -0.03003375483023439 0.00220011805866878 -0.03354009496638966 -0.09834898881921844 -0.05033895362504125 -0.07411459314567614 -0.0253953008839232 -0.06877518465103129 0.05669725370907688 -0.05027841576056619 0.02708919489157621 -0.01865270258420195 0.01142994293912034 -0.1128496678498118 -0.009275071914867445 0.07620700398780869 0.06210074613748012 -0.01103582361071449 0.01985876118055269 0.01548452439518711 0.09109110764901895 0.06593847387060493 0.1828610163230832 0.1223572814475257 0.07654200167378698 0.04292987216764099 0.0147274924034725 -0.04359932742952829 0.03926924368718245 0.04514425943862608 -0.04515532144373823 -0.02253543675764664 -0.0607745212502799 0.07720766741506403 0.08043646768023675 -0.08727456823947301 -0.02389442513118782 -0.05337951142611667 0.146910917421272 -0.007546105143860845 -0.07775380127495739 -0.112662857984546 0.02914825233729248 -0.06136696020400312 -0.01237203289490478 -0.006999915090789516 0.00683252625263492 -0.117066852812011 -0.04235395390292405 0.1389385213832037 0.1042809494523511 -0.01602199384900048 0.06609437431222739 -0.02141781775751056 -0.03165342258932635 0.1424817734886746 0.01289966798883352 -0.08702545160141582 -0.1034678464545792 -0.1117828990658208 0.09509505136855655 -0.07640472564432448 -0.01642494185836498 0.071777911852488 -0.0271361915899002 0.01637694474899095 0.1844628274486619 0.03030350607305839 -0.0712695718189883 0.04810034436907889 0.1818808427062754 -0.08504346084857589 -0.09361629193416125 0.0435747261516341 -0.07675133839596894 0.1443696335244706 0.03927252927529492 -0.03867786290357542 0.008238316236908941 -0.02357808589171901 0.07142367255741451 0.03470936625543655 0.05461744754054722 -0.08830633042616266 0.06295146880395669 -0.05562950198726811 0.02609484663421895 0.07610408356159394 -0.02161167859042333 -0.009781764945675906 0.03057884081541975 -0.085398426430517 -0.004783978650799883 -0.04900723544968794 0.06624540597690438 0.01995183787007344 0.02627676374466299 0.07538803788684353 0.06872340714126744 0.1129558792277817 -0.06004063462120592 -0.1352504262880036 0.06864104874467514 -0.04228230793756679 0.1191709998324515 0.04402644348503874 0.1171254527364795 0.1040306027209012 -0.05995013125175423 0.06705097856470507 0.01306421143625986 0.04683664063226226 -0.05888915481023509 -0.0890062796229792 -0.03729265078236222 0.08692232512440334 0.005284907861348459 -0.06390575338620422 -0.05857243501938944 0.03034135511898188 -0.01571183706544231 0.02101639224051406 -0.06240337380890781 -0.09202023658810216 0.0176894012085688 -0.0004681541103041655 -0.00255373764579533 0.05296724883792819 0.05617800091735772 -0.003961256868885483 -0.06482309461698468 -0.02842998472671913 0.0921521489723106 0.05868492131693154 -0.02371229764408018 -0.0669300449520249 -0.05473624673061821 -0.002255141425699953 0.05674968170393101 0.03972962245945112 0.1106315885163872 -0.05111543607722212 0.1458674299362306 -0.01432310998742629 -0.02022975769370531 -0.08272546814942144 0.1603952544671195 0.04110688312307121 0.03915124419720883 0.1428671827707743 -0.008614318157072734 0.0158387015860343 -0.03258094887785692 0.02281163622468005 -0.04674921007107144 0.09021221678678633 -0.006016424443594871 0.1274184756169558 0.02880501418032325 -0.03917052785268997 -0.006914249255939627 -0.0402618368655358 -0.01246898734814363 0.01772505223952326 0.01703204586206332 0.02413888397289621 -0.03225329531961102 0.02429407351656562 -0.1184016014075914 0.1318057590356922 -0.02883517253986814 0.05096482953971789 0.006004524873533534 -0.07647708588056303 0.04676913020927506 -0.04666484388384678 -0.04941819132272176 0.09059238131130017 0.1171468430974247 -0.08753452314067231 0.01487740533505903 -0.00792871048074606 0.05206752548689162 -0.02295956995436558 0.03872366134270604 -0.03984443109112855 0.02255613537436071 -0.03325873582248307 0.05794683611576752 -0.07663023111063461 0.003624613493768509 -0.06870874333953525 -0.03568891146928482 0.02057163768046475 -0.01056791458257429 0.01417488312134348 0.05821924372906481 -0.006105269538166496 0.01033116085563485 0.1134972682316935 -0.07115820767361877 0.1115626722181803 -0.006685296332799726 0.06473855582274568 -0.001729825485043103 0.000419157847899785 -0.07646530617768578 0.04860084016955123 -0.02150227031446182
 -0.0227432522282294 0.005019645204960603 -0.03847433121200036 -0.001251018302970551 -0.03913576461096144 0.02270412238266066 0.08172310532678924 -0.0991751801392772 0.07738191059996219 -0.08499331510574366 0.09660199102150588 0.03382880399942978 -0.0736674553187473 0.05672788278942376 0.04908532903815106 -0.06474338852510604 -0.03577550295038044 0.01003875878793882 -0.02924869639465313 -0.08655216897083609 0.03139267765099241 0.014417186202681 -0.09971594407428254 -0.06058347544943635 -0.09860918195741408 -0.1166239047208969 0.0119086470640541 -0.06796477686342003 0.08070698415264366 -0.04173242639499 -0.1051992998640033 -0.06652089442492107 -0.02489859538899133 0.007320065822908306 0.01862822987506118 0.1078558666076117 0.1034228844190777 0.09398356245620532 -0.04158305064982533 -0.01738959339230422 -0.05748547606876399 0.001118770752138339 0.0493122087197179 0.02633447482120603 -0.06766214139876706 0.05820856803029091 -0.02644963700047133 0.04058997368199305 0.06893793296766162 0.09086907518476524 -0.0001833584017820633 -0.05531183489912148 -0.02771407898585617 0.08564910536070404 -0.07559513029261135 -0.03182248997473288 0.04310316500219968 -0.0379859867140037 -0.0898774754558965 0.04905459324641728 -0.1009657509006208 0.02058937157817699 -0.001873473872186594 0.02275075535492843 -0.005982400929883392 0.03729042463891641 0.04374351867143881 -0.1927604322572525 -0.1432098619741168 -0.006417262108701475 0.1769874766724722 0.01706208837910194 0.008471333820440911 -0.0002594965951642475 -0.07139475389492823 -0.01753914304059338 -0.01212577731137036 0.02899749982842961 -0.1202765341385981 -0.003269094376094406 0.02265487787545671 0.05756986110884701 0.05703800057793398 0.02261088960619078 -0.1305222034212236 -0.016995059259493 -0.115277796685541 -0.04879403527343933 0.0326411484968636 0.08701361814325873 -0.002284855091010069 -0.07120310764598023 -0.01232835910975483 -0.06189033385982896 0.009163125297218255 -0.06659966664426409 0.02783519637113998 -0.09222474554708675 -0.04478363367907359 0.02316129222649259 0.07391927167910202 -0.07300294637815377 0.03756236140344524 0.04617575562468233 0.1091493025622362 0.04514790420410924 -0.02733459572299604 -0.02315065057369633 0.05191056279944967 -0.02082023106064752 -0.007763439537635473 -0.04139468628331196 0.01504080790214007 -0.02374528880977218 0.01137083923127386 0.04249930838625861 -0.009908203662909284 0.0104326625881932 0.01215734132723295 0.05658886148685586 -0.1204193619282681 -0.09951675570894923 -0.0568607661673516 -0.001031930454755256 0.04107003025386917 -0.009255364821251121 -0.03246045510328461 -0.1378595163715956 -0.00122284998248222 -0.0979993923239723 0.03148653157414889 -0.2241321097600433 -0.05333207850449161 0.08240638276996136 0.07428564389868951 0.1082814853614122 0.04497538668609687 -0.02574334264032895 0.1045264837476394 0.07384511235420871 -0.001171083489478856 -0.1021866444521453 0.03163710915703854 0.1138288294426044 0.0577216169282041 0.1025488193313749 -0.04264288550477417 -0.00777078539250693 -0.07338446550034337 0.1110145406066718 -0.03816742159288645 -0.0462297627130074 -0.08230452679162972 -0.03098475764529339 0.02720304463851908 0.06194813611520418 0.02982245843875432 -0.01681799761072798 0.1091552317477917 0.08915134616108741 -0.07993065014102022 0.04728581059054946 -0.150264545116347 0.007437280879584272 -0.01888585889604262 0.07727282861206548 -0.07525587297289743 -0.07881939785974737 -0.02453202240349238 0.03639586280297154 0.05040463152056174 0.000737269875449919 -0.0291114359419238 0.1039090782361947 -0.07616983323149408 0.1241621490393096 -0.05522719537857426 -0.05191356593061554 0.1259668054227517 0.021114508211504 -0.05917762014838403 -0.1209539920975183 -0.02977944256578453 -0.01756738658763703 0.1383253539222767 0.05718542425241253 -0.01883411164388705 0.08118700412307324 0.03187839625805226 -0.0379069437075535 0.07587247556510787 -0.05002514984224261 -0.00611448893016386 -0.02823512308806762 0.03044092216171096 0.07374394355075738 -0.01662408645112416 0.01826680153966492 -0.01106741031079241 0.1056263821981069 0.02769841086008694 0.06927416714372799 -0.07389062341710459 0.09283152624691757 0.08345829944957728 -0.05397128346970022 -0.08955244384552095 0.04432452294006017 -0.03049815464988523 0.03315260723546627 -0.05789763195249228 -0.1113081080734687 0.04312304220050203 -0.07106658230556555 0.01495056745237074 -0.03324034275632196 -0.08847584027833715 -0.04172584843933603 0.04324131477434475 0.03662786829668159 0.04322351225913701 -0.01092519321525473 -0.02616621791231274 0.07172172970423181 0.02851745876442802 -0.01192910304155788 -0.05259609565848229 0.08634484662610549 0.07202449440416168 -0.02276393424193502 -0.01642777718161939 0.04082923060623285 0.119324395885264 0.06637720768308199 0.04433916573833172 -0.06321073707928671 -0.04102847322339356 0.05571914211313491 -0.03396100436920053 -0.002873376105313625 -0.04780226113122939 -0.05393831259442176 0.02264202051463583 -0.04738412918919997 -0.03434106806519611 0.2045031435563733 0.01761152576488537 -0.06042349861956758 -0.02678932530050249 -0.005677340711739404 -0.02233933229844287 -0.02965666697876944 -0.08493912354387398 -0.0381663232218377 0.1040293401963471 0.04374009093789973 0.04079848429702886
 0.04213188193596139 -0.02422078482548931 -0.04747996102484116 -0.02869538683238183 -0.03837902980329574 -0.0589350349882028 0.006052941431174261 0.01036827240380154 -0.04916215932357089 -0.03125590619694359 0.02841466238758112 -0.08109417883888671 0.05920081898699212 -0.07580226604306069 -0.04641231242805341 -0.0418699908382219 0.04410706012564589 -0.06763873097199716 0.116626963364895 0.03646679875620386 0.0002118539406120678 0.05162787982819966 -0.00324656469280602 -0.01337284551065405 -0.05875175797690248 -0.01674280646848985 -0.04042649986571896 0.04732204591999677 -0.05171855457519653 -0.03807362929049422 0.006549191104678682 0.04862288493332599 -0.08407369701391236 -0.005151993470932999 0.01186959558535288 -0.02754903788184013 -0.03134138187071517 0.01670667031414881 -0.0168737109577042 -0.0007259352151329114 0.02845932823551055 -0.03048527508236405 -0.08008780659304922 -0.0794866046487982 0.04314950926637464 -0.05437264110360147 -0.07190944109089807 0.02136140130440625 -0.03009574928408167 -0.04659225809621422 -0.08411852297576111 -0.06057558610159624 0.01722859171903727 -0.00565137299928832 0.07534688339349085 0.08574352784722247 -0.03038305093452512 -0.08112914567013083 -0.0064817055899489 -0.07076378808377022 -0.05247251386054699 -0.04836027925720771 -0.01837996139598342 0.05191765118346374 -0.04588105426203109 0.01129367174417327 0.007730338552232056 -0.05801303239607261 0.07057808209813081 0.03784596116553629 0.02483608794345223 -0.02328049922003559 -0.05333303726960326 -0.05694025799361599 0.07781139787474789 -0.09032898113596195 -0.01091096021733676 0.04708538530281723 -0.00790873273619596 -0.01831389366318063 -0.02938114763430594 -0.01373730474088035 -0.003383526494779698 0.124181070382559 -0.07377760591523722 -0.0354537201729344 0.02314023046508777 -0.06301502498521294 -0.0116409482348222 0.005449266741004381 -0.04144909997641852 0.007213247730030238 0.07065286305345289 -0.01959767013547555 0.03281712003456743 0.07995801690697055 0.0311618729340942 0.03195917550026907 -0.0759810036842137 0.003479121928500975 0.03258475881451129 0.02596774722518701 0.09607926998887734 -0.0408324389724698 0.08245695461905787 -0.004565760207650368 0.01182524881791365 0.001782809512504727 -0.01282302692829287 0.07563473708254337 -0.1106327984329056 0.08279602082344728 -0.02699184289771553 -0.04232617791150282 0.08992569908079892 0.008013478508707542 0.06577220407169075 0.000764055957574889 0.1177022899965203 0.04958214487838455 -0.1593379256389323 0.09115271851332708 0.06364106913617054 -0.1380727085286894 -0.1279729104693615 0.006910030701148988 -0.01925697122271287 0.02331773924394041 0.09964382052043859 0.05119054303475397 0.001184953434686973 0.002470551307408722 0.05856100078219865 -0.06830661096251947 0.07690634835886198 -0.0341783102945069 0.05625631118792045 0.03232129810222233 0.01081934957693908 -0.008773883864104343 -0.0220347789826735 0.09728130015389912 -0.01506851431284434 0.02477421087877298 0.1038851540167318 0.009018325929971467 -0.01643300114984721 0.09417314208805404 0.0006199033487908521 -0.05002942391185226 0.01059639787659887 0.08404885702373757 -0.003639400063720524 -0.07138054577800788 -0.0003358222126353912 0.0002446191710295697 0.07346946414898943 0.03292323083081489 0.005528021948295382 0.01382833674171044 -0.02191567662532001 0.09532959574749411 -0.06552859127821888 0.07673755887792733 0.09051367086362297 -0.05915668988710786 0.04455928928827639 -0.01933532041130253 0.06564345579859011 0.137463028755503 0.01081902389460582 -0.04686917422296352 -0.1234376020706844 0.02461286650916995 0.06996395096100187 0.06927084245329093 -0.04825996960473611 0.009099309047118639 0.02967111988428044 0.03938233315532032 0.04600248297825475 -0.05681084751498557 -0.01869106837015892 0.03311207760313983 0.09501275445687811 -0.07490272136183884 0.04503791763704698 0.02044738514174398 0.0584127537139718 0.04795824864517818 -0.0520934503052267 -0.02354960479285267 -0.05205442891564539 -0.05355662955387983 -0.06620238359861019 -0.001575100773703018 0.02735229403668641 -0.03470283521149587 -0.05686541773092363 -0.0257931028831534 0.09538074852674033 0.005119117993376222 -0.05920835943056524 0.1098667676237686 0.06912563148312831 -0.05293205662617865 0.09601987387987387 1.492748586286098e-05 -0.01884515874980218 0.06902242870680661 0.1040529590110664 -0.00456511790639809 0.0778388122811607 0.07389193421802967 0.04686886545859632 -0.07112233072252512 -0.05569229283009234 0.07663274973994467 0.005491130117488925 0.1789862688747216 0.02990595275993049 0.001018874263419528 -0.02425554032769717 -0.1129228459454201 -0.0139630364574855 0.04936254786996417 0.1295994565323679 -0.1276292096276665 0.03141599115424743 0.01421236520188155 -0.02664559637302975 0.002283514500905875 0.1146856635258051 -0.02171992638873549 0.03508352946780195 -0.01071722208557553 -0.01621836847197643 -0.07671583245985344 -0.08880918747761538 -0.04703870522218473 0.03369328269989577 -0.03303241235879107 -0.06184636840116273 0.04552854401848479 0.02055736853132385 -0.07137465263077726 0.005970395196104799 -0.01831098581572549 0.07121107378995951 0.0760284803183683 0.04701851065985679 0.07370353106906788 -0.02487656312356442 0.03323065135321778 0.04726649429247062 -0.006329161315570469 0.08689688076976468

# name: <cell-element>
# type: string
# elements: 1
# length: 5
f_ccs

# name: <cell-element>
# type: string
# elements: 1
# length: 6
df_ccs


# name: <cell-element>
# type: cell
# rows: 1
# columns: 5
# name: <cell-element>
# type: matrix
# rows: 10
# columns: 1
 0.9630142973952115
 -0.05292745906562096
 0.01049396142109331
 -0.0002043121178050874
 0.01175538567640048
 -0.01372621066238409
 0.03194903798707454
 -0.004318156624162676
 0.06590415990075302
 0.02764321866802933

# name: <cell-element>
# type: matrix
# rows: 10
# columns: 1
 0.9630142973952115
 -0.05292745906562096
 0.01049396142109331
 -0.0002043121178050874
 0.01175538567640048
 -0.01372621066238409
 0.03194903798707454
 -0.004318156624162676
 0.06590415990075302
 0.02764321866802933

# name: <cell-element>
# type: matrix
# rows: 10
# columns: 11
 0.2234640027675868 0.0914718844984754 0.5453534711827173 -0.1843237715745907 -0.1734092516094282 -0.01027267486808666 0.2660125944419596 -0.03031393927280533 -0.2621559673860598 0.08193099593887658 0.08892554404307657
 0.2672182343030763 0.08390510285653563 -0.02907711896115688 0.2063110208372012 -0.09419855841553496 0.09192743149755514 -0.1676930990013296 -0.3766747408869518 0.1195318276521824 -0.09918513678611431 0.165113673916689
 0.360384885228351 0.0387214315743809 -0.0206097121575395 0.6733188743165122 0.2720891145733225 -0.035743623666031 0.0690248778705871 0.2011277135493523 -0.1167053215449924 0.3158099467670334 0.5001235264350493
 -0.1386223707963601 -0.03982904862587913 0.6433541137230179 0.1729590151438693 -0.2692036005162248 0.2412247419950241 -0.4182062626626482 -0.02213720703632005 0.4557923883946437 0.1206222898907928 0.1648440975856818
 0.2975087430842113 0.7453827932784702 -0.01334488209303696 -0.123445888052185 -0.1799230432284996 0.1998084338654131 0.3464910899010745 0.123187427479553 -0.1510522980516626 -0.03792544301472867 -0.3016117512408678
 -0.3182949893819011 -0.1782522934382594 -0.3685724498448618 -0.2863408541698058 -0.09876941352901118 -0.1732709211921131 0.1291337555238724 -0.05903770511786602 -0.103061337917294 0.3821944238516051 0.02827616626146678
 -0.05410614059107553 -0.1613688710883437 0.04140248898873258 0.08872761291391955 -0.2370882062948663 -0.22781952456258 0.2301495713953969 0.1693811731916902 -0.0130814879401206 0.1078226155476162 -0.3073639243840436
 0.634013125106392 0.1427547614458275 -0.01000968393870838 -0.4849638109038807 0.4527529756288279 -0.432787190671557 -0.1610531706145536 -0.06650868217180671 -0.01608161762038103 -0.2770569861663017 0.4577872012798075
 -0.06630108299845258 0.1951182608894537 -0.3347386986386752 0.3710297232148616 -0.258598559350766 0.3345828165162706 -0.09665923473925031 0.102425557482872 -0.4166163635570169 0.08677513286153886 0.0436107696557038
 -0.4969896917524704 -0.1501540113914249 0.3281874512810662 0.3551081510661883 -0.2729288311836461 0.01530099690420519 0.2005200172190211 0.2262931816904405 0.07474496740858844 -0.1780184172237372 0.2470086989242216

# name: <cell-element>
# type: string
# elements: 1
# length: 9
f_sorties

# name: <cell-element>
# type: string
# elements: 1
# length: 10
df_sorties


