# Created by Octave 3.0.1, Sun Mar 22 17:58:42 2009 CET <artieres@artieres-laptop>
# name: pmc
# type: cell
# rows: 1
# columns: 3
# name: <cell-element>
# type: cell
# rows: 1
# columns: 5
# name: <cell-element>
# type: matrix
# rows: 256
# columns: 1
 0
 0
 0
 0.169
 1.047
 1.14
 1.947
 1.813
 1.012
 0.232
 0
 0
 0
 0
 0
 0
 0
 0
 0.437
 1.715
 2
 2
 2
 2
 2
 1.976
 1.039
 0.09500003
 0
 0
 0
 0
 0
 0
 1.056
 2
 2
 2
 2
 2
 2
 2
 2
 0.966
 0
 0
 0
 0
 0
 0
 1.538
 2
 2
 2
 1.692
 0.919
 0.9330000000000001
 1.932
 2
 1.843
 0.08899999
 0
 0
 0
 0
 0
 0.84
 1.942
 1.716
 1.125
 0.151
 0
 0.145
 1.805
 2
 2
 0.899
 0
 0
 0
 0
 0
 0
 0.294
 0.197
 0
 0
 0
 0.619
 2
 2
 2
 1.164
 0
 0
 0
 0
 0
 0
 0
 0
 0
 0
 0
 1.149
 2
 2
 2
 0.705
 0
 0
 0
 0
 0
 0
 0
 0
 0
 0
 0.278
 1.915
 2
 2
 1.968
 0.488
 0
 0
 0
 0
 0
 0
 0
 0
 0
 0
 1.19
 2
 2
 2
 1.445
 0.014
 0
 0
 0
 0.01899999
 1.404
 1.838
 1.838
 1.684
 0.973
 1.735
 1.953
 2
 2
 1.974
 0.441
 0
 0
 0
 0
 0.544
 1.999
 2
 2
 2
 2
 2
 2
 2
 1.971
 0.839
 0
 0
 0
 0
 0
 0.886
 2
 2
 2
 2
 2
 2
 2
 2
 1.998
 1.204
 0.155
 0
 0
 0
 0
 1.275
 2
 2
 2
 2
 2
 2
 2
 2
 2
 2
 1.777
 0.528
 0.05400002
 0.04500002
 0
 0.405
 1.997
 2
 2
 2
 2
 2
 1.693
 1.675
 1.929
 2
 2
 2
 2
 1.938
 0.714
 0
 0.804
 2
 2
 2
 2
 1.066
 0.08600003000000001
 0
 0.366
 1.097
 1.763
 2
 2
 2
 1.338
 0
 0.004000008
 1.226
 2
 1.936
 0.779
 0.08499998
 0
 0
 0
 0
 0.134
 0.328
 1.131
 1.135
 0.6820000000000001

# name: <cell-element>
# type: matrix
# rows: 256
# columns: 1
 0
 0
 0
 0.169
 1.047
 1.14
 1.947
 1.813
 1.012
 0.232
 0
 0
 0
 0
 0
 0
 0
 0
 0.437
 1.715
 2
 2
 2
 2
 2
 1.976
 1.039
 0.09500003
 0
 0
 0
 0
 0
 0
 1.056
 2
 2
 2
 2
 2
 2
 2
 2
 0.966
 0
 0
 0
 0
 0
 0
 1.538
 2
 2
 2
 1.692
 0.919
 0.9330000000000001
 1.932
 2
 1.843
 0.08899999
 0
 0
 0
 0
 0
 0.84
 1.942
 1.716
 1.125
 0.151
 0
 0.145
 1.805
 2
 2
 0.899
 0
 0
 0
 0
 0
 0
 0.294
 0.197
 0
 0
 0
 0.619
 2
 2
 2
 1.164
 0
 0
 0
 0
 0
 0
 0
 0
 0
 0
 0
 1.149
 2
 2
 2
 0.705
 0
 0
 0
 0
 0
 0
 0
 0
 0
 0
 0.278
 1.915
 2
 2
 1.968
 0.488
 0
 0
 0
 0
 0
 0
 0
 0
 0
 0
 1.19
 2
 2
 2
 1.445
 0.014
 0
 0
 0
 0.01899999
 1.404
 1.838
 1.838
 1.684
 0.973
 1.735
 1.953
 2
 2
 1.974
 0.441
 0
 0
 0
 0
 0.544
 1.999
 2
 2
 2
 2
 2
 2
 2
 1.971
 0.839
 0
 0
 0
 0
 0
 0.886
 2
 2
 2
 2
 2
 2
 2
 2
 1.998
 1.204
 0.155
 0
 0
 0
 0
 1.275
 2
 2
 2
 2
 2
 2
 2
 2
 2
 2
 1.777
 0.528
 0.05400002
 0.04500002
 0
 0.405
 1.997
 2
 2
 2
 2
 2
 1.693
 1.675
 1.929
 2
 2
 2
 2
 1.938
 0.714
 0
 0.804
 2
 2
 2
 2
 1.066
 0.08600003000000001
 0
 0.366
 1.097
 1.763
 2
 2
 2
 1.338
 0
 0.004000008
 1.226
 2
 1.936
 0.779
 0.08499998
 0
 0
 0
 0
 0.134
 0.328
 1.131
 1.135
 0.6820000000000001

# name: <cell-element>
# type: matrix
# rows: 256
# columns: 1
 0
 0
 0
 0
 0
 0
 0
 0
 0
 0
 0
 0
 0
 0
 0
 0
 0
 0
 0
 0
 0
 0
 0
 0
 0
 0
 0
 0
 0
 0
 0
 0
 0
 0
 0
 0
 0
 0
 0
 0
 0
 0
 0
 0
 0
 0
 0
 0
 0
 0
 0
 0
 0
 0
 0
 0
 0
 0
 0
 0
 0
 0
 0
 0
 0
 0
 0
 0
 0
 0
 0
 0
 0
 0
 0
 0
 0
 0
 0
 0
 0
 0
 0
 0
 0
 0
 0
 0
 0
 0
 0
 0
 0
 0
 0
 0
 0
 0
 0
 0
 0
 0
 0
 0
 0
 0
 0
 0
 0
 0
 0
 0
 0
 0
 0
 0
 0
 0
 0
 0
 0
 0
 0
 0
 0
 0
 0
 0
 0
 0
 0
 0
 0
 0
 0
 0
 0
 0
 0
 0
 0
 0
 0
 0
 0
 0
 0
 0
 0
 0
 0
 0
 0
 0
 0
 0
 0
 0
 0
 0
 0
 0
 0
 0
 0
 0
 0
 0
 0
 0
 0
 0
 0
 0
 0
 0
 0
 0
 0
 0
 0
 0
 0
 0
 0
 0
 0
 0
 0
 0
 0
 0
 0
 0
 0
 0
 0
 0
 0
 0
 0
 0
 0
 0
 0
 0
 0
 0
 0
 0
 0
 0
 0
 0
 0
 0
 0
 0
 0
 0
 0
 0
 0
 0
 0
 0
 0
 0
 0
 0
 0
 0
 0
 0
 0
 0
 0
 0
 0
 0
 0
 0
 0
 0
 0
 0
 0
 0
 0
 0
 0
 0
 0
 0
 0
 0

# name: <cell-element>
# type: string
# elements: 1
# length: 4
flin

# name: <cell-element>
# type: string
# elements: 1
# length: 5
dflin


# name: <cell-element>
# type: cell
# rows: 1
# columns: 5
# name: <cell-element>
# type: matrix
# rows: 15
# columns: 1
 5.289291302362536
 3.194590164838663
 2.515425744445933
 3.813264798588652
 -3.51603169249479
 0.5048613478583429
 1.704787648990543
 0.1209977681964007
 1.812838298204479
 0.1849796010416848
 -1.58653390855103
 -2.512171077916471
 -0.2384286142983246
 2.783398466109222
 -0.7163552098486238

# name: <cell-element>
# type: matrix
# rows: 15
# columns: 1
 1.694054521902368
 1.628003348549054
 1.541571614600625
 1.665347538611407
 -1.650711540257322
 0.4997653509240644
 1.310757753093281
 0.1232013526396783
 1.35326499017166
 0.1879082569176733
 -1.259107035790182
 -1.540980642979387
 -0.2415516173387967
 1.583646647051408
 -0.6887807098620266

# name: <cell-element>
# type: matrix
# rows: 15
# columns: 257
 0.03910213163585622 -0.0113140057437241 -0.00745736588414735 -0.01854226418405015 -0.0554636310585208 0.0516041919450401 0.1269500309826408 0.03415063605766819 0.056455156280715 -0.04910606345101552 0.0127181163299727 -0.02792316428935055 -0.008216474646202938 -0.08380250978245024 -0.04089282980981358 -0.02854019320328834 -0.06055385933764039 0.0398296684955091 -0.03231066879040743 -0.05287252290407641 0.1451316667335164 0.01466099912901246 0.1302544525513368 -0.01957041743249771 0.008551237408002248 0.104517323885303 -0.0194026117354565 0.04566428544700441 -0.0202448431376544 -0.01877897430434824 -0.004427883517435224 0.04532186522294956 -0.1060216566905823 0.1236470768387048 -0.07489833454438159 0.02333141761667615 0.03255736161394285 0.02833167491989688 0.01139655437731557 0.02860270980214592 -0.07097771254824006 -0.08530428356036265 0.08898311575577297 0.05931617393747751 0.1062482575836563 0.009512875015835075 0.1583813129356572 0.06642210060871516 -0.1332596843154211 -0.1228976859392098 0.02233302196144914 -0.08570451619924503 0.1074099861899207 0.04051777582385491 0.08991272354382082 0.01171093701292994 0.03758366450302194 -0.06311185166172631 0.04445146401602773 0.007975419389568679 0.1305314650049631 0.03910026395466688 -0.04010100832440171 -0.01786963491633001 0.08318181264469883 -0.119542232035175 -0.03246967534592102 -0.06314844115553926 0.0831955431128865 -0.02609090442461436 0.004173082384783338 0.04885612692258461 -0.09023062359121149 -0.05206284142809734 0.1128555523299665 0.040800679698326 0.08324000766797462 0.1043416058109734 0.03808976428634105 0.08190051346337561 0.01466797046249566 -0.04526633108268291 0.02618369515186651 0.005680819113543224 0.0465872576744607 0.05725822678149926 0.04368188547964297 -0.08849114317432341 -0.1283151557389083 -0.06101933528850724 0.1392321732897685 0.06152761276298308 0.09043885068332159 -0.104685321491269 0.1025876762477282 -0.0546850429969815 0.1061620358379896 -0.03293352507100073 -0.1123008185917232 0.06336218162358453 -0.0769883439802739 0.1058070489239824 0.05778745962007741 0.05152785633198317 0.01978257354582386 -0.0953028253486583 0.03362764296690579 0.0560844235271738 0.1173789956133146 -0.0006672195271313523 0.009914431993840055 -0.01310674591693117 0.06351859674422154 -0.01588887981516695 -0.008528477758907064 0.07562160280280125 -0.05316693656761171 0.08135797800382857 0.1398109973853963 -0.02939814978030226 -0.05068733685951343 0.03257115468466776 -0.09008706867614071 0.1450747611723911 0.0226941583671849 0.1299582195716027 -0.02096885239270498 -0.05917737732434016 -0.02594533163527364 0.006920606514320595 0.05771516521870994 -0.03341315851716822 0.09442373226287792 0.02711393362058684 -0.01372402298025682 0.01922979705068957 -0.03000388353175576 0.004833321232593782 -0.106155664456018 -0.06752018655406497 -0.03526926968339793 0.1088942369449572 0.02882783208527817 -0.07208443478453562 0.04139849042474638 -0.00245810108974762 -0.03817174974388175 0.06311286171287274 0.03736275783750006 0.03623564800029162 0.04579183647491591 -0.06496128271699644 -0.1120583821565586 0.07541999815239542 -0.0526078909969199 0.08388736648948908 -0.05740655443307102 0.01053235594215264 0.09899244331380117 0.03620141126997843 -0.004353105948147458 -0.1175609583087443 -0.0463109822810767 0.01055004215387511 0.06174866683186104 -0.04513582382260011 0.00868382231707643 0.05915374098248354 -0.04397434959268598 0.04776972127184945 -0.04401047069622753 0.04104048286388951 -0.04618583544422541 0.01893280335253322 0.09921161077994353 0.02910698421987553 0.01918740370958348 0.01855475453893182 -0.05522596963477878 -0.07121389273883212 0.02590327642800771 0.1139048507711423 -0.02037685076542263 0.01249163067761794 -0.03310584016929755 0.03247793496444293 0.1019305440810729 0.07278449116107696 -0.03744413275619625 -0.0727220792202198 0.04665771118135065 0.07867104401626349 -0.04631012804184401 0.10151546995371 0.04271606359179724 -0.05930000206513238 0.0745569942694228 0.05411317019726463 0.06234972812483719 0.047385271274125 -0.03042448908227361 0.07324170239648171 0.02576763549516282 0.08238643554897124 0.1167685087950764 0.01167551548194316 0.004685935565523717 0.02607875467254287 -0.06124785394426643 0.04560235970667376 0.01005245064665831 0.09767556489994167 -0.01499505519297967 0.1236423752498923 -0.02680860949567957 -0.07124088153617288 -0.1388605307423554 0.06379228715182031 -0.02861240518402857 0.1124272899058074 0.05449531015370097 0.0930945920521828 -0.07215469151075406 -0.1016922626169277 0.01556378133117917 -0.05963235340135411 0.03042100970887515 0.02830555917946565 -0.002228857510075369 -0.06799276764588588 0.05172358354013712 0.008511752418127825 -0.05649724898462994 -0.02925295403790962 -0.02073427249761147 0.001324660936604787 0.07321190276654789 0.05785228441090677 -0.02305559187280811 -0.08006515865295766 0.1032198028998805 0.02199481680434258 0.113539114261591 0.03023139739586574 -0.0611510749909145 0.04688135229943354 0.08165572936034879 -0.04548261605529012 0.05688679766360012 0.01814752471168892 0.02749254171696557 -0.07849471683473981 -0.1009618823716216 -0.04638845174495657 0.04990143917251281 -0.1181495477163004 0.1469065942712086
 0.005087783627120043 -0.03540331224254725 0.04008943158734672 -0.0519546579035822 -0.06339614392330531 0.04051792138885694 -0.1294222623857661 0.08454099236630615 0.09557232130387867 0.03365020790114996 0.02264533796353412 -0.04789748652170764 0.005043305992412263 -0.1368399769908107 0.04889944958753612 0.03840605561138209 0.08702830365573708 0.06132095870283907 0.04721448536218364 0.04268126778555829 -0.04917650219716478 -0.065979642759721 -0.001481704536031506 0.07919217133700568 0.03535356209563994 -0.06974644750914462 -0.1044476613982449 0.07452637621071793 0.01375871725162338 0.02019871934876156 -0.1002018023584803 0.010154031148845 -0.02470596728988379 -0.08935121463395408 0.01328325524095477 -0.005230886645802174 -0.02096339085210848 -0.004944722586294048 0.0003071959809359062 0.1376265288961624 0.0378476418143024 0.03554448481864989 -0.03782364740326493 0.05019302920174792 -0.06077908630569494 -0.08297550183577412 -0.02961674923101305 -0.01756046233791921 -0.1092528906778861 0.03556082636423188 -0.009051031465910214 -0.01578743268262305 0.01688962024840668 0.07049262246878486 0.1039039343332588 -0.01967330867736198 0.001040868955809207 -0.009948640699102045 0.03342323296186057 -0.02005288003166962 0.0033219401349221 0.004897268113284222 -0.01826282104265882 0.0454582400992476 0.1107713130794656 0.03272379073795555 0.0514918357561282 0.08964956350080316 -0.02917142692463518 0.01163706679758465 -0.07163459451068943 -0.03085810579658572 -0.04818508325212422 0.06473187487650701 0.02039599622390189 -0.06521785093610667 0.006791638576525978 0.03724625227061643 -0.03589865461779147 -0.03641944899807015 0.08797335935406128 0.02554482739202345 0.03533343699349283 0.01072561337159968 0.02958351227157981 0.1033680617602633 0.02698406659344911 0.08541029587660205 0.0192962717842098 -0.05036030346124826 -0.05488943380283303 0.05498443107305979 0.05385152977223661 -0.03948395711752112 -0.05388886652015786 0.01774335440536489 0.1419335391947361 0.001632351231206576 0.08392900582692442 0.08916765949990395 0.1193100514094659 -0.01060668466959297 0.03397296024249832 -0.1134369140059076 0.005402730108933027 0.1289376028044855 0.0189810116750012 0.1245618730929849 -0.0617648694798082 0.05613262821032918 -0.02589887088923198 0.009467038349006279 -0.07898835491353917 0.002867976160957904 0.1181918747987478 0.08146352770936668 -0.03712893776993889 -0.01468213588391972 0.07952707448468707 -0.04946130930965397 0.03401093467709426 0.05341009465145888 -0.118019298969887 -0.06833147642063142 0.05967995434641241 0.01254545792746512 0.07616892316645092 -0.07777283461278868 0.06629869402783109 -0.01584109595386196 -0.02734822950681895 0.1204090055992843 0.1394926856329547 0.07221116650344671 -0.06080151675376689 0.03462110375361941 -0.05391672666311342 -0.07766180500487396 0.09640390232718889 0.00530845352622347 0.09207648044630101 0.02944036786737569 -0.004418116913162 -0.04239501262748752 0.07085776201000653 0.06595797759908224 0.02260559987966163 -0.03611739712608873 0.007279498637168956 0.00309344911375604 -0.02855484249182243 0.07024229499368186 -0.005695475887427485 -0.02032239848321376 -0.01329410681092014 0.04002978028564491 -0.02742543800202311 -0.03730582747278859 0.03008472811180339 0.1758369022503243 -0.1419560469727844 0.02908773244390499 0.07890859528445807 0.1164383809030174 0.01734170695162193 0.09942173754018831 0.09499776124233759 0.02270419840664192 0.02200588667910978 0.01129503135135643 0.03463265704724011 0.001477482841058279 0.06972889558829382 0.0574740242745981 -0.0302684027846246 0.05281832335423237 0.01957788785001512 -0.0132322880116376 0.04961238565205705 -0.01320506659402639 0.01306498268178283 -0.06314160446600989 -0.01694619935373903 0.04521697607752509 0.06714629293502601 -0.05946370452302834 0.006340793243611954 0.1155493144481726 -0.05902398505437072 0.1062804859834774 0.05507713075907851 -0.06445741121696838 -0.05172482438942307 -0.1434327030108376 -0.02871632355052139 0.0389862987072381 0.05468489059631056 -0.00931793730757317 -0.001596186251787973 -0.02673475126740611 0.1593021916952339 -0.03564086490092502 -0.01170334530216278 -0.0006654970638182809 -0.02736665641248592 0.09583870668927998 -0.06164319877924405 0.03101958428283593 -0.003219655049101882 0.05206575470003719 -0.01939149333920837 -0.07824044588920845 -0.05185756815179431 0.1204883394886912 -0.0159820266180548 0.046083032692822 -0.007735348498551771 0.03269569115018205 -0.06857813544849259 0.03276535894754608 0.05928255809798458 -0.01426583025352209 -0.007753018636705809 0.02086022081876986 -0.02340941385836413 0.03016176347947731 0.02828773021402766 -0.05751715455107707 0.1894123411842227 0.0173335251774912 0.05466199986595294 -0.04354710812350589 0.0349300512921037 0.01195018890303741 0.02745829966813476 -0.004544920016027113 0.03394394152920418 0.009285481179670168 -0.1054253456403486 -0.05123226515237199 0.01988854243873146 0.1627545748350724 0.05230955301412001 0.032258855375026 0.05415155756909806 0.1316261101433305 0.06184032008893307 -0.01082417040993244 0.005192917468339553 0.01051408371407497 -0.04821933022683042 -0.002989573131423345 -0.1057787251408789 -0.01379843402637701 0.03464749705811038 0.07371212688426371 -0.003339103624153341
 0.03585305883661401 -0.01664463251096693 0.1746689847877114 0.0918792594188414 -0.009152836436093631 0.04480532800149045 -0.07828267590491696 0.02886703174935093 -0.02787235327930958 -0.02507266127010427 -0.02951386632589628 0.04779861142926487 0.1127104826918154 -0.005519063407182629 -0.06458009798010131 0.03800298526685202 0.01099216436538386 0.01489166103839741 0.0651875622352487 0.05272943874757018 0.03314240611020182 0.007889720652812968 -0.02665334453441597 -0.03799362444746222 -0.0328949941019087 0.03529918980245873 0.003308016699860486 0.1085051937115896 0.02672824579468542 -0.01865047718448044 0.005760320656495787 -0.04724212764444566 -0.015583740168082 -0.09833852945819074 0.03013925294262762 -0.01551907548767027 0.04432277257138235 0.007058902103378921 0.09682420682570475 -0.007660112062773867 0.01982783746515543 -0.01840973998870336 -0.006357504658828554 0.003828618723481433 -0.1555876333183816 -0.01893039852814582 0.02002006314005672 0.0313686422761572 -0.05573750382973441 0.06257556991783834 0.03721707380767107 0.08122124522167221 -0.001490824455094644 -0.1593462997986617 0.03353401708688006 0.05656350170821457 0.04841407868034497 0.02890726694416828 -0.04056269024559964 -0.02203877745377825 -0.05892197585410772 0.02976844132727538 -0.08521177007561231 -0.01350155538135687 -0.08690698814387307 -0.04061648317111025 0.06209984992035456 0.151597912595626 0.2415663311505666 0.09049702445429857 0.04484404548210998 0.07782943571640949 -0.06019567169970473 0.06744540694217165 0.06017409210453093 -0.08425910799137888 0.06563278161681997 0.0715155464859429 -0.02512878143404909 -0.0978984780249841 -0.02920454980845516 0.02376836753214881 0.02590888023470478 0.1349231862082011 0.05378250001961859 0.08500446162390014 0.04833731575506748 0.08948996698601436 0.006813086230221384 -0.1553573403071298 -0.06235045668480219 0.01782955712262421 -0.1720383735666672 0.08212619449828197 0.01231136488014726 0.04387420976413305 0.075803197594878 -0.06187687649640675 0.04149186750403751 -0.03513476792485042 0.01464240789736672 0.060634527431091 0.01300522070443518 0.03766314874726792 -0.1504709028008109 0.002350596498680272 0.04215130395490928 -0.06660571908317879 -0.08618864098095037 -0.06075524874996533 -0.09603344564111242 0.003592076682267498 -0.006171013081937996 0.1033285303499528 -0.09569193123517172 -0.002483038707077436 0.04231776409680776 0.04355994666612809 0.0406509941457392 -0.002210291341167092 -0.09988579162564931 -0.0103358469020401 0.03223081065905774 0.01956805013486613 -0.03857877213171694 -0.03134289896800276 0.06540218176063103 -0.002956733359337 -0.1636916412779321 0.05560375738269056 0.02694187064891381 -0.03198383599340379 0.04245406003740471 -0.007362531341778594 -0.03329262205723715 -0.03676506025081962 -0.01879832992428032 -0.01605294714872392 0.06635899583580894 -0.1040583008551242 0.09821713094639167 -0.006670419329960669 0.03255039511071513 0.01802639807699172 0.1119420601111135 0.02786694682692174 -0.01306404466719667 0.1290870668434387 0.03352606548496222 -0.05739793069262221 0.174485172925895 -0.02168210382581606 0.06091989765879421 0.03628323095197823 0.0652495955501089 0.07309423448008538 0.0684739883907353 0.03400543463906036 -0.01253378780904896 0.02814780473124872 0.05560997949388229 0.02287204510813733 0.04193104665841149 -0.009178250414624231 0.04044774060709382 0.02391590791284501 -0.0349476723988026 -0.09284874742903783 -0.05824383749646789 -0.03982802945553907 0.07826536005159201 0.04920696858936319 0.03613965514334725 0.05393463784386558 0.05856960860496425 -0.07657959240346229 0.08059890399538885 -0.07976584870737548 -0.00318070680972458 0.06234522621484431 -0.03783627400394073 0.1737359511038662 0.1181573865294683 0.08122577610536014 0.03379626667481376 0.05623112253258272 -0.0121489947468398 -0.006517613822990164 -0.06776546424803094 -0.04575290114002658 0.03516773104777046 0.07063885280347904 -0.06483389887540923 -0.04212304969534283 0.008436180577851251 0.05379908773887357 0.0167940513580125 0.09044087776216882 -0.03352850027313681 0.06078206554607042 0.03504096882138919 0.06215454925250673 -0.01333049691446907 0.05581376829035704 0.001055010702039376 -0.03449172098308776 0.04398870029622649 -0.07540418770355319 -0.01908604731253967 0.03706536356318095 -0.009554273676366194 -0.02988428270996577 0.06412242824265005 0.1684212880466371 0.03950190192481441 -0.03275585397150572 -0.03363145759485103 -0.1736057749549601 -0.01662022790183221 -0.06813369077572541 0.01938746898141381 -0.09432810596787181 0.02233791091720868 0.1289645641178589 0.06228411884297405 -0.01155832907584855 -0.1738862210113838 -0.06564288537868505 0.03767696598279284 -0.01651055289847309 -0.0392613581228873 0.0002456588338684721 0.09037662824033477 0.01312444669589815 -0.04547311505182097 -0.01431088951106013 0.07129773850683983 -0.00129904098165379 -0.1018880511713766 0.05937526212357162 0.04017615963270818 0.02392916056438809 0.0249058672352504 0.08033150021742787 -0.01825453133322073 0.07030911399689037 -0.001053761156690601 -0.02597872098319242 -0.04518157899034649 0.01404887390971244 0.0405007998772604 -0.1355002590994111 0.1112275017572107 -0.02491987330117228 0.04505588237829895 -0.0390001253853183 -0.02348271756429917
 -0.001353888355459735 0.0226600820302108 -0.01429674819198568 -0.006358287390129401 -0.01447390409847052 -0.07282184575780401 0.0566318917224089 0.02485898585587077 0.06551996826856869 0.06245184479766973 -0.003571171905293088 -0.06734395832541479 -0.03865612724180529 -0.003534464935385818 -0.07526317008356333 -0.01344791811831279 0.004255709875289287 -0.07189421533346779 -0.01694513260873255 -0.111682543597009 -0.01305406134094567 -0.01668501764607565 0.03090472107423816 -0.03376010782792303 -0.09068897641599546 -0.0531354547766406 0.09281407547759572 -0.001614496471968069 0.01437807983500903 -0.03488530101571988 0.1137733228924837 -0.0153042435024415 0.06112546463939486 -0.02059817242699859 -0.03697482593243899 -0.05406456460824411 0.03605110237220532 -0.01122609054946489 0.06239565457058426 -0.01401065820575274 0.08697198213365807 0.04795902405608239 0.04777564205057466 0.0489753009124665 -0.01553808763435641 0.09578845982538718 0.08757566376327272 0.06905397612746182 0.04911898876755501 -0.04134386050285471 0.07035168637983914 -0.02223585910425404 -0.04063034455223762 -0.04314611607684909 0.002835136742420391 -0.1181243174657503 -0.003491837510604635 -0.02531185816063041 -0.04132669629801009 0.03036065065677057 0.09226326544502805 -0.0352037548653231 -0.04941803773035477 0.04166048808558847 -0.03532437762021279 0.1198072280130059 -0.01763070980722386 0.04015600142564494 0.1249448552022954 0.0127553455832687 0.03077298812705986 0.1028928514864506 -0.1069566141572908 -0.05757378928922067 0.00699851446892629 0.02802846233301886 0.08093966726102245 0.09257555062065742 -0.005552619758319347 -0.07549133034810548 -0.1081829186608908 -0.03388556346146152 0.02355953032835761 -0.03222286239734769 0.08391800886080561 0.04813998692741094 0.06640174747874425 0.01581187659733868 0.04932794832082938 0.07087692092881055 -0.03334949263865974 0.1197021714863971 0.08679890547963687 0.1207127515128617 -0.004405410212144182 -0.03450423845934778 -0.1384210773059734 -0.1048000551147616 0.07089674785000835 0.01091855389831401 -0.02306581657715199 0.1485265470484119 0.1046270577387431 0.04472031373958824 -0.1094130734376031 -0.07964966535879926 0.01428387994566308 -0.03466095992914044 0.05511423095388523 0.07748921192339193 -0.02972809088315108 0.09141158294992341 -0.0836535143832627 -0.04703918838834219 -0.004314640037008604 0.05076577848966519 -0.02709884913730115 0.03842395844011317 0.01004212336399971 -0.08333925951875068 -0.03444094678628799 0.03697054357424259 0.01139768445275737 0.02301911313927006 0.07916722680776796 0.03303707455206131 -0.009007429389410628 -0.09233713667559378 0.06409619248919712 0.004989142245525868 0.03574745847581776 0.1210650839874725 0.1126960051808475 0.06134691027158115 -0.02114275101959512 0.005044076686075916 -0.09759374835301414 -0.0326630627521774 0.01255254254754821 0.01840515158619832 0.001673917168897786 0.1031625908029386 0.01244295419912593 0.03273442656762753 0.004731963242058873 -0.02542719987095087 0.06198688685785691 -0.01693668226641488 0.1163318364714683 -0.04954849997994538 0.003831137495817961 -0.0561413353629887 -0.08254256271843982 0.003922748923901914 0.04004022101870015 0.1069001988909063 -0.06729888632496435 -0.03115687835420526 0.101591553782767 -0.1029362087838698 0.08275537525811989 0.06116855942920619 0.02572560628554641 -0.01335781863163207 0.04092189564107443 0.0700297190338118 0.03071761076860363 0.02299898887255869 -0.005514633311991501 -0.09060876194811447 -0.006718062371976226 -0.05940336325707538 0.05018999966849513 -0.01077296242636998 -0.06257398505602584 0.02566204324730497 0.1004748168810558 0.001363088881997922 -0.0005607034407701651 0.01021465761285163 0.05429798991748682 0.003053881127789121 0.00610785897205549 0.1396894842854476 0.03968410498130649 0.1188195339665611 0.08056676387765477 -0.02910670217363149 -0.001511765952994582 -0.04759634698336904 0.02495950442531602 0.1227598542684232 -0.0399088728437326 0.04980164910610118 0.01915132509384806 -0.01683064473785119 -0.007449584873509409 0.0522142888837101 0.02230366898364744 -0.04602959764270505 0.07856438128614303 0.06748677804337189 0.06646029842524255 0.1024056562422431 0.01655156621801606 -0.02673680110178772 0.05088453675480852 0.008869619629118468 0.05162338309013999 -0.05300917620558029 0.1369942107622524 0.01492309312118766 0.07327187907527809 -0.0043303926836611 0.06628539842762791 -0.0825383074487174 0.109805764580337 -0.04950173014120133 -0.1072929760622937 0.123661794663731 0.1528260859789057 0.02403966177611648 -0.005815287386490044 0.07019400432131633 0.02483586962464306 0.083301391284749 -0.09590485612988549 -0.04226462294603237 -0.04970234836006814 -0.0491369627171979 0.003076399180146579 0.01796683058237817 0.1411177602284086 0.02394854135181591 0.02743402906014117 0.02510153281594381 0.0135321049227584 -0.04854966263993207 0.03223036840092966 0.005518027635238823 0.02452584509717381 0.0008703630311061148 0.01778304248401527 -0.00207879087826475 -0.07687817250187202 -0.0483735912570429 -0.06812533642547461 -0.02117282050958641 -0.004102591354755669 0.01572563977561312 -0.04269316546562104 0.02768501355739804 -0.05501089994878766 0.008861531695541332 -0.1745681533464589 -0.1237356476918413 0.03496282940921845
 0.06606041470398043 -0.1110606357855848 0.09611922036663328 -0.01800077617831916 -0.01533468941818516 -0.009763944009615649 -0.1522849450243105 0.04865662498031883 -0.050925917273154 -0.02952979865030393 0.1147549744335132 0.01431715343098495 0.03134863186258764 0.01565741956191915 0.03792227231436528 0.04719376024587923 0.0007469688921218039 0.06932402152709967 0.002149395636046139 -0.01302652325495721 0.03456567834308261 0.02484760883503217 0.04142502938031999 0.02210162948299262 -0.02046088289352258 -0.1475209129740251 -0.04199900969160337 -0.06022625927608753 -0.02930387255076237 0.1247443118802408 0.01594797168165488 0.02264443159764137 -0.06008522945206447 0.0394877295416744 -0.0248646443817691 0.1223870943437128 0.04420634229004658 -0.02904070007238189 -0.02715954504649895 -0.1145637216838827 -0.06880830755671963 -0.0752644345400052 0.06894960872927654 -0.01780642014514392 -0.03558206316108885 -0.1284464176229645 0.03293277849706126 0.01479382177465932 -0.04043547023605525 -0.1259204540099343 0.02667524150746024 0.01105993695608087 -0.03889477922761043 0.06143878715935577 -0.03263118246570399 0.009544370176954279 -0.1224375479162427 -0.05604940629614965 -0.03007079059735593 0.06097040588499057 -0.04191211976150663 -0.05285654287809818 0.01237510795430181 -0.04745471853988773 -0.03720830642566975 -0.08842552675781205 -0.04848194519738683 0.02170056994905984 -0.03955826129914868 0.008977244694456959 0.05373177881264052 -0.1265297510049901 0.09771781924885638 -0.05825214477738158 -0.01326213274347772 -0.04189905457299452 -0.05516383265495947 0.006740484524464986 0.05898827413739669 0.07373010789741956 0.06034917922916423 -0.01427866511417943 -0.08587172982775476 -0.003874577077252703 -0.1984431062791354 0.008001635254365093 0.1012176246811791 -0.04769933434555138 -0.06814310651495642 0.01251889074160346 -0.05268579214198689 -0.06940259678400473 -0.07531606354354475 -0.09111360792215541 -0.0728775792936343 -0.04369553274673409 -0.0222631795700367 0.07132388000021324 0.05281252404301454 -0.05423085052783697 -0.03296516690844819 0.03910493037934212 -0.09596156885471895 -0.002681933561897265 0.04468513083418726 0.00981298139757582 0.02736726066678707 -0.006729060274760459 -0.02214103883678413 -0.04995141717466176 -0.03933233333573669 0.04093857445757441 -0.01322368140809141 0.06654228128622693 0.04430031549811637 0.02955499733557645 -0.02563475873477175 -0.09967478080108164 -0.08066534817973353 -0.01032683421761705 -0.06567095135827006 -0.03496035808719843 0.1496312439666148 -0.07273696730588355 -0.07638224611754053 -0.07002005509026597 -0.07114975340735226 -0.06020464647796302 0.04365671956918442 -0.07017084914436075 -0.04737710191834608 -0.04137067084930979 0.09289394277724922 0.004885040246596756 0.04148973950749445 -0.03877025036059615 -0.09896247404877841 -0.1003809970305758 -0.1223469038654426 -0.001556875581033685 -0.04654720140942053 -0.1174320944485346 -0.03716379622025663 0.1147800520297806 -0.06077553102778121 0.1383298422519304 0.09361347848829023 -0.02277434199193493 -0.01459088147206969 0.01976006159242267 -0.02049117929798368 0.0430656024030426 0.04117450029139311 -0.09318697451279501 -0.05985427270168658 -0.02120348406748037 -0.04681570917661559 0.06399583968451111 -0.06490184556572177 0.04871047135192001 -0.03364415479312012 -0.02914809835760966 0.05622854726204243 -0.04533289666465054 0.001585414779285948 -0.01329305933676719 0.1008911623262853 -0.05986471842684613 -0.006971170399679891 0.0005610282772497765 -0.01069494091580225 0.02629679511284705 -0.02129117656022137 -0.1335696434943245 -0.0007181800242834777 -0.09963862103067277 -0.1030091775063486 -0.06249756346185013 -0.0006593845127548367 -0.05633964216847244 0.02549640206197455 -0.06147269127212163 0.06730320735148564 0.05608211199439923 -0.06099399822363138 0.03181500197547509 0.09048914547957777 -0.1183203096742964 -0.02022875681048072 -0.1013793927701264 -0.009830690024435302 0.05920377840920635 -0.0425936011617901 -0.03723778105047178 -0.01918207724701256 -0.007921213263284547 0.0003737199800955429 -0.0299741187366259 -0.134416750924857 0.1504569109605084 -0.05608598561772741 -0.1424478727207704 0.04576885558260436 0.003003358710523273 -0.00651121678640294 0.03984973208022775 -0.09332456169280146 0.0425369813748616 -0.05755356277819146 -0.02434828391731339 -0.1582500882341452 -0.05749785881942081 -0.07736673990883887 0.01490728401693112 0.07578791494003294 -0.1035438965121782 -0.05432327528075161 0.04375775334940038 0.009561344470588365 -0.1305490499578464 0.06840223815715292 0.01301662066264391 -0.07427266114518033 -0.001285635965290986 0.1533614668168158 -0.05445593834751057 -0.1264918475442748 0.1796068548916812 0.01750999098279187 -0.0884861634583007 -0.06343639285646477 -0.006942393042379513 0.001265070394037286 -0.009238030652330644 -0.05569972013590709 0.06602045485794059 -0.04683221319784299 0.0629534593241767 -0.02910344895563626 0.02800409286659578 0.05303054870072704 -0.01855958016527266 0.02204951550274624 0.1173666917550769 -0.0003843630930285036 -0.01326505698830434 -0.05373398054360005 -0.06220365720855149 0.03026940458763214 0.02642248438759539 0.03761805569411055 0.02255378888288688 -0.07023234713532056 0.05209718366900534 -0.05050514005682737 0.07187979492544251 -0.05946107233137518
 0.08425246538936484 -0.06962391537341052 0.05709468784114281 0.011827646164716 0.07745422443342952 -0.05658264764317801 -0.02066898396857796 -0.03799847818129946 -0.008878438102434123 0.06560813890277584 0.08064525004472835 0.04924504859856768 0.0455553747239623 0.02306189669455988 0.1585105493149508 0.02274156549891769 -0.1364497725439713 0.02577484032082384 0.006956534153339509 -0.07494663183065542 -0.03893821528376116 -0.02807579932012167 -0.09974545384920885 -0.04705388750171738 0.06016349960000314 0.0431258026860136 0.05762810305650295 -0.01548399409078564 0.110112817081432 -0.1104983343610915 -0.03809204525187927 -0.03025312592702659 -0.01899014786245369 -0.02910778422972699 0.07555378071376664 -0.0148604267012138 0.08833445603426712 0.02145860752482814 -0.1050199078603463 0.06597254374065198 0.03310602606326957 0.05611587268536384 -0.004750782950948715 -0.01386657054948004 -0.1394168499583395 0.01271347564310736 -0.024425443958362 -0.0003770943958634712 0.07944156574826367 0.02317662122609908 -0.02118828015315951 -0.04078971132135002 0.0464526130331724 -0.01312099866136084 0.00622377754771237 0.08638111155892506 -0.06104932261619063 -0.01944173524842911 -0.02297545040855952 -0.07079675448254359 -0.01998028286485016 0.08305071338750866 -0.06692614075119474 0.02628531091228323 0.02339933429879661 -0.008259260684377477 0.08215608737749447 0.09567471018010064 -0.02233001561798652 -0.01544596170804869 -0.04379043752126963 -0.04728348812684809 0.06339968563404712 0.02479157325191293 0.06654529896391911 0.04954380637248148 -0.02254260173624495 -0.0397346278584205 -0.01041899912636792 -0.06442360595679515 -0.06552633599028931 -0.05948823557899012 0.07325111937286312 0.01528496164759118 -0.004479001280851041 0.01189622670983319 -0.0004052863149531521 0.05104056012866103 0.114765464617169 0.101744511615816 -0.1516986213472049 -0.04662658575380331 -0.0256015648372252 0.04453279506961932 -0.0666474655442377 -0.0759837742648453 0.06942728615599117 -0.03426072135582403 -0.1269391804357318 -0.002719340605510781 0.04897179402692108 0.04936747503881896 -0.02624406138147402 -0.005243607893307026 0.01273144098960559 -0.03012610769734221 0.1096804895223995 -0.027857024186388 -0.09051686494339513 0.1025070172565658 -0.002815664567645113 -0.02658268371163001 -0.03552216496246338 -0.07014298275532206 -0.04457639048031244 -0.06929971838823851 -0.05827081835478014 -0.08373359770486299 0.06364081922199377 -0.04425213391783883 0.1304544725810017 0.02004194657535891 0.1315303562243944 -0.03441996867322234 0.02671603886747739 0.01818624226643542 0.02162744057495261 -0.03130190233586014 0.1190156912911681 0.06680475215752787 0.06226545749998662 -0.01072590252861508 0.03300957903815844 0.03001421003123553 0.01894532899242877 -0.04805211709374336 0.05642859563452229 -0.01843107314639552 -0.006988105415220396 0.07619709584976407 -0.06906229658571525 -0.01933152497123674 0.05357029149758288 -0.02396127649464457 0.003186685600290399 -0.05669865933349201 -0.06241304724335232 -0.01248046307878858 0.05993987297283519 -0.03457707588365597 0.05407263014580818 0.003154345202724851 -0.02405626267468584 -0.06374900003087355 0.0520438500992693 -0.035079261797884 0.01766494424503759 -0.04085425183649573 0.02625698871637983 0.04238198490688885 -0.07043886885109168 -0.06720575063427077 -0.002098881429369009 -0.05455049244360899 -0.009051993118486356 0.01534421503548852 -0.1110235335853235 -0.05374929653348356 -0.01808373291740076 0.09989596281342832 -0.02987468626035245 0.006714632646450648 -0.02023583982642667 -0.0004279972846389276 -0.04518439905452903 0.01586341422458225 -0.02769677478392966 0.1000558998298 0.06614299135904766 0.03193561871005903 0.03641566176714844 0.02348153739731352 -0.01623934148421829 -0.02807293040096506 0.187732504991227 0.09739469584782175 0.02679350214117269 0.03963264112997042 0.06800753876283155 0.03425907854211177 0.02415893272710625 0.04372127920906891 0.01051371059780056 -0.1099100763357766 0.06343390708865769 0.1009645456231499 -0.04569974035105909 0.04616062593096494 0.04906637276067716 0.08381301842286694 -0.0228044450490602 -0.002127954157530844 -0.020074982031803 0.04758345481920497 -0.01918808428538669 0.01054593574120743 -0.00531568151393163 -0.01151012892725938 0.0352413323819692 0.01676156704449934 -0.09058632996256721 -0.08586570496049946 -0.03217507295444146 -0.08921343314148164 0.02894328450088568 -0.03842612242775354 0.08295180730097122 -0.07262215495304435 0.01881179081525105 -0.07391718691677654 -0.07366914740325095 0.07773742000920246 0.06335332915159325 -0.08760290536656765 0.05170416393978473 0.006155801092696429 0.03375559100572592 -0.07693807350988531 0.0008951705274274655 0.1263071819485302 -0.08383739412961361 -0.07222978565990058 0.1464669500449062 0.01860029375649208 0.09019797838607729 0.0992464156854143 0.06999261397680116 0.02832827995179424 -0.1207062775977572 -0.08029334804459713 0.01658170744188229 0.0001994449671726692 -0.06327181371087402 0.04038766206234917 0.04060832448097045 0.1024599433852676 -0.02450447650762602 -0.1157003480472539 -0.01866363754085446 -0.08710042457371737 -0.006293675588917692 -0.04651965596532413 -0.003476709885557443 -0.01510994566110133 0.02365710010472906 0.006671869663345128 0.06537101653200328
 0.06461465758139134 0.08044423463228048 -0.09332935176969065 0.004906543862191096 -0.02302180030901893 -0.1168911896320898 0.0248777941840832 0.04344510105198425 0.1063685595170209 0.1135140126169027 0.0130723143152656 0.004748488260463196 -0.1640878703681226 -0.08217886541755656 0.08884129037619301 0.03049217997286716 -0.06363108100160846 -0.0001726982582475303 0.02572680775485354 -0.03242239891606251 -0.06457787630140575 -0.02268789827502734 -0.01441511976289938 -0.03499579480666465 -0.07026109461268203 0.04437859465776642 -0.002160791762172903 0.00864526048705937 0.08162822971273004 0.01445681109522345 -0.006590790146931596 0.1127275003345221 0.03433650813317297 -0.07906395231174997 -0.04517921793304362 -0.03567856738757513 -0.03809220598734663 0.04613665705010223 0.03669188866029722 0.0524780353237154 -0.03542685795953633 0.04232630491270593 0.1029946297971702 0.08891938976265891 0.1030690868125706 0.0006199745159069707 -0.02990260628223756 -0.07216797252535791 0.009388254818401201 -0.009528921647804891 0.009544565056413877 0.01364459742255203 0.1504818901965558 0.01735500823260361 0.08061936095193667 -0.02445123165475945 0.1133113557858613 -0.01027654007074964 0.0844175559759746 0.009004711258976601 -0.03263016802047294 -0.05865245865574435 0.002181489236156346 0.05907865649289071 0.0872598040358861 0.08431949781104865 0.08895628249114212 -0.1029186918516648 -0.01428055746163601 -0.01580030171207031 -0.01324364715950599 0.0652373994616019 0.002565211858788542 -0.07525101084922434 0.06947371772243431 0.07147872226829903 0.1355485438567761 -0.05199460729286399 0.01555330085952139 0.04518263481568855 0.04041292051314195 0.1314761311128514 -0.01819774890257018 -0.04304590612863669 -0.1113258159899069 0.03286613334625967 0.07421998087551546 0.0744860008694908 0.02346324798842262 0.02792833717629295 0.03148158135278292 0.0442149487284595 0.01141165704539744 0.003095509622341377 0.03998553922715118 -0.01065334357380547 0.02809990648846531 0.02459117221494245 0.005165017822424381 -0.08468093013750802 0.09163927862042097 -0.08616904437635729 0.09036074982726139 0.01629314424481753 -0.06100943316798004 0.07872125632450103 -0.02226755350766427 0.01026233146067073 0.06916953555456841 -0.1033042781948131 -0.02258584482610346 -0.001160488460739191 -0.04388780342245069 -0.0869962955348238 0.03194748392761145 -0.08512478022187907 0.0001063183996240663 0.05175130714862284 0.01710978420745948 -0.0877564684615202 -0.03175572533949292 -0.03460720791932996 0.03710167255182859 0.07403758246832803 0.1143706368122907 -0.1610997096229875 0.01464573680615004 0.05992654419828356 -0.0721082325600671 0.03173333649811175 0.01959167255539248 0.059085682107543 0.08182182490550031 -0.0161946076165077 0.06528365358543184 -0.06324705273661591 -0.05831524301547673 0.03223543544699605 -0.1214743283757958 0.0511796645517504 0.01909394049301356 -0.04332148192001038 0.0949140915781468 -0.04645179306657246 0.1255602872679262 -0.06946224961823649 -0.0799627695506189 -0.09201521690929888 -0.02963638738805403 -0.06847632134314079 0.009573296599662788 -0.03423244857083752 -0.02683800503603432 -0.03207703170562917 0.04803870048587727 -0.06473822501036473 -0.03099970637785664 -0.07391350424745838 0.05862743019654307 -0.01315749444225819 0.07109564279787117 -0.02010235080955736 0.02264368029440154 0.02406769331287756 -0.07252700383089067 -0.1325997699804571 0.04712474134750708 -0.04544343267116395 -0.1699865881483532 0.02192946765271636 0.08604169326609178 -0.03885739007319239 0.007000858082720651 -0.02644108806673392 0.001728736741925327 -0.07207381730193395 0.08458696363820274 -0.09327501142108273 -0.008674993969117067 0.02678591943320169 0.03775147591484716 -0.03045278486107835 0.06870708852746917 -0.02490914898863787 0.02942698426380888 -0.05396599659919805 0.117332839640843 0.07632155053167113 0.05502513773039071 -0.05138720321647527 0.1073404730668881 -0.05703432057757044 0.03944716374475536 0.004291884582005486 0.05331063737687795 -0.0202100570504361 0.009369749734384399 -0.1369443850049109 0.06153836768993592 0.01699351879035224 -0.01044389376509439 -0.02701830878402707 -0.06252321805832339 -0.04012963353351429 -0.05308714849765447 0.06469324679890189 0.004678800075019195 0.05344551000782718 0.004187063536569166 -0.02570865183403939 0.01082201793471596 -0.08919596560977944 -0.001223363529983928 -0.0002667250096859355 0.05661634571903236 -0.1005562967964198 0.03158348427356655 0.1479886173294779 0.04737855533042696 0.06568776542470264 -0.07281717849198072 0.05752053900544549 0.002337737274303071 0.1436015391245108 0.0395274734544443 -0.02044974214402812 -0.04548673444661852 0.04551183084044441 0.06060534656308925 -0.09437690312550238 0.06009917788851827 0.01050111300199157 -0.006380104454805173 -0.05438404585051158 -0.03089780691308475 -0.02942018013077634 0.07217172822879049 0.07680542757688152 0.01763145117228878 -0.09195496842921211 0.02399017503460702 -0.04815495346173673 0.06951670628993374 -0.02252152782623311 -0.009342320926659452 -0.04287633475638301 0.003740755757154718 -0.09843937929022986 -0.1575018911185063 0.02199290570797807 -0.1167312838559667 0.0649540863081613 -0.05367225705007835 -0.00952955431804981 0.01511774341164427 -0.03770241167240711 0.07727132632688744
 -0.07647118558995424 0.01817011338681631 -0.0167073082275815 0.03968756784960895 -0.04367028937682909 -0.009468084932260472 0.07291539166361491 0.0343217207099225 -0.06131887751755195 -0.05429939175873816 0.05284711638573354 -0.1013644658672081 0.0298635517975333 -0.006046858461631241 -0.006721821037520659 -0.07628795031447548 0.06804309624339687 -0.04145169899939482 0.08611059531788702 -0.04685801902727393 -0.08859557423030799 0.08598903080617568 -0.01439859870873919 0.01834744165894528 0.0702723565116852 -0.04511889151432127 0.02602952183994645 0.053706373312528 0.0848939903845284 0.02015891444858926 -0.08398024164167427 -0.04820086860962638 -0.01984537375926455 -0.1930098594396897 -0.03129961202953398 0.07369901073696546 -0.0891979596953965 -0.01353960993040859 -0.04754540947881074 0.01329692855025495 0.1062923417845464 -0.03684368848895654 -0.04391761007487313 0.06260221181526923 -0.1199887447065739 0.001263205374147327 0.1534482172620701 -0.03108677570166983 -0.005307525721775669 -0.02500459502496832 -0.03481007339841099 0.03797301107963879 -0.1236787915341085 -0.07289188554397379 0.055189838475225 -0.007283397086181509 0.0005275891347056638 -0.04052527241464788 -0.01727353902814861 0.006171989270865674 0.05417362883822174 0.06480227956583284 -0.02024928347480049 -0.0008250487120806306 0.04954189304123949 0.04149056677922955 0.01605717061402014 0.06366517278234143 0.1163494791084451 -0.1034330891019193 -0.0761946481446386 -0.02265367255659376 -0.1069597338622666 0.001706164369411332 -0.01884615308356966 -0.0467046365980982 -0.02643235548532603 -0.06200622174045992 -0.006954820013471247 -0.01223017503300968 0.008014302437804068 -0.006623036884498157 -0.1330477884048915 0.07482820383455674 -0.1032277135419904 0.02439592441145747 -0.1160033671029441 -0.002663777156804256 -0.0623604221631622 0.02318254151507979 0.02337098358695742 -0.02459010005524789 0.08483418884816321 0.08137369280343121 0.07220851599513303 0.05183888317307603 0.07972475566576409 -0.01444943272498211 -0.0130608840243537 -0.08776540008476164 -0.0135990526490905 -0.05771895750643839 0.04588097279508795 -0.02030922175354358 0.02997511602569018 -0.01893666263891266 0.07538445213716626 0.03874299809318672 0.02107374507611092 -0.004574785648276961 0.03668417258274261 -0.01885503009899181 -0.002585680429372514 -0.07258566729895569 -0.04373727823040774 -0.04682188140101658 -0.01438930552330508 -0.07273484767344857 0.04271251683897936 -0.09184963945190831 0.06087099929049487 0.06727055879291448 -0.02835201650534717 0.001270210827489361 -0.03807937601163577 0.02274897799635925 -0.02836942716450803 0.09206113972846526 0.07841723864367879 -0.08132929854906364 0.05254278591383148 -0.01029678287319161 -0.04696936679592263 -0.05307972341682023 -0.06465392421746684 0.0217062630309891 0.08396008799394521 0.0160416433999567 -0.05993850690677735 0.0002573105614230785 -0.03531739127787158 0.1412803169279839 0.03616758748983741 -0.1184015156234509 -0.1257719997225379 0.05382709007502273 -0.01583584388344873 -0.1050452520225193 0.04736087828239794 -0.05282334749449284 0.08288975250676174 0.002603306596001914 0.06620870253489849 -0.06104946674949888 0.02779689928030244 -0.02011428345737062 -0.07072972790167839 -0.06100681857059451 0.1049099187039578 -0.009315530964315507 -0.09405241525256119 0.03511715576918343 0.06973827850109768 0.06065248120615552 0.1087726674830269 0.04152465869174068 0.0372334464068009 0.02819897174922392 0.01565823888635986 0.09756881527252954 -0.04991992804081435 -0.05003107634123092 0.1103947370001177 0.001046848360471172 0.0003921066821050577 -0.05778334041774564 -0.01261237690611193 0.01515324153582785 -0.03491965660763986 -0.06098612045381668 -0.07684966295814649 -0.002468670629063575 -0.03676637987166613 0.04384306091517472 -0.06033827425330497 -0.09063806238575216 0.02657864967022308 -0.07608951451779443 0.01518523598771163 -0.02088244088632581 -0.1532825921158621 -0.01137663976427457 -0.05210998958838673 0.0642473600540194 0.08883418089915116 -0.0113226661087817 0.007633643001589081 -0.06949592304592486 0.03442355052242425 0.02845635106746531 0.04838566840749292 0.05368837309056856 0.09705821408684019 -0.04749818772619832 0.01114548395402158 -0.06225526235615675 0.01270556529636156 0.05872887379946937 -0.1390865833549227 -0.07093708289727169 -0.0003780855928408687 0.02214591238540174 0.06807332428186476 0.1285808334321513 -0.09144091283698025 -0.04216361794357475 0.0452741527468632 -0.0759223639246473 -0.0180331257644382 0.01794284889198135 -0.0820819450627156 0.1728117852729579 -0.07138812765337442 -0.01566870318073043 0.05379107118807797 -0.0505398529527971 -0.00388494050814143 0.0008736410405281532 0.1015155825043383 0.01444796875507107 0.02830728822802776 -0.04517866599221365 0.03629245530895633 0.0225643251726751 0.005560271456100468 -0.0100677528889136 0.03303988843483255 -0.121214945140086 -0.1313968444141148 0.03550232948253582 -0.08117195517994065 0.0305148237666895 -0.008944200676124905 0.01023520557521248 0.008604276218490107 -0.07623169193164235 0.001585247707224889 -0.05020051521219845 0.003889974679091412 -0.07433893749515175 -0.02835180556645032 0.03865390275559726 -0.0379920772774432 -0.0639407468377436 -0.028381857628723 -0.1034736816648485 -0.05726290340461173
 -0.08986089356826292 0.004252105410211751 -0.03159573737339805 -0.01959217106735247 -0.01401403374181971 0.008609280283380509 -0.04075159066472481 0.06035559838107228 0.01891773106160287 -0.1091458640217986 -0.02146060504916442 -0.009480007353524108 -0.04886225488795948 0.06237231519386243 0.003884999949081685 -0.02424223857485689 0.04161632148205861 -0.1146762565225185 0.06651393405320609 -0.03341504751361155 -0.08066844646693033 -0.02477871455334823 -0.04895286240062036 0.08036964135800261 0.04227506740748261 0.04803677027335367 0.07167836667993296 0.09441591552027846 -0.07117871792581629 -0.02011498111987119 0.02239977333741346 0.07581669109892804 -0.002079429801009291 0.01243535688585038 -0.04228887841480933 0.08437047205314303 0.09489862286999531 0.04302919175756339 -0.02792753716976558 0.08588180900510613 0.02327098940012906 -0.08338809653233895 0.1036219919744291 0.03539460541243075 -0.01509820701861805 0.0326268549867274 -0.01668462714931067 0.08835479344804542 -0.09168686630265203 0.07287136857376751 -0.002253764273393612 -0.08214057471242962 0.02169516837944506 -0.012171983745144 -0.04522279079040634 0.04545406777471055 0.08811773045166087 -0.01537135142556808 -0.05493853215448305 -0.0401548747009878 0.1516100861957709 0.08090894993033487 -0.03364328670566027 -0.04006805063632145 -0.01068198679888247 0.08008750762517 -0.03207123186621787 0.08478574813223444 0.03565321075639199 -0.1974778233882258 0.06775674550251098 -0.04778239782923384 -0.02721843387278174 0.001473227569006029 -0.08413550252034226 -0.06349243259631999 0.02540981142022906 -0.01411879710574498 -0.03107300469501988 0.03709260140868088 0.0598586284143994 -0.04885909081993031 -0.05551122743202173 0.01092301792247245 -0.03782755558330735 0.0601808435688249 0.09162923270406967 -0.05343932081691596 0.1425611690248826 0.07131299444686139 -0.04053181656032119 -0.07910034615011277 -0.04577242647956434 0.02153272802958842 -0.05142028209000606 0.1118278327399491 -0.0516698199487801 0.09820138975530104 0.007877638785588293 -0.09085158202471445 0.08614048113497638 -0.1192635969368927 0.03505144566917755 -0.05522238787642763 -0.03636134338433994 0.07648641107037994 0.06940769982868231 -0.06815855815132869 -0.001446750194004404 0.05869591061415921 -0.06667354126018755 0.01517361398358105 0.06052226479066868 0.07938503884911177 0.113958472375319 -0.08790429028160793 0.09237670594266903 -0.0422839765532538 0.06466750306156178 0.06326098326557246 -0.02373437290756777 -0.093216343168341 0.05293281483563832 0.1069901741007129 0.05876683519450778 0.04250652238959388 -0.0285998578858419 0.05158475763660331 0.1107710918798665 0.03221230522227127 -0.06758426961789062 0.02630518848317072 -0.02022357586793277 -0.01751522407065754 -0.04279751425987961 0.0511302991448454 -0.01478613227408831 -0.06967608865166486 0.07606343823987308 -0.06003024925323792 -0.0208324049422942 -0.07045634238080524 0.04763528603842187 0.01857259881715705 0.02422945875352167 0.02178847881830018 -0.07287253617117247 0.1149296162204202 0.06033579977515465 0.0219684285014029 -0.02454985299853688 -0.06388315841288925 0.08866596226178791 -0.01717846174245839 0.0486391836985173 0.1188541146759616 -0.08458960358014417 -0.02057856964979592 0.009408617275146447 0.08888331412253189 -0.0611884433687999 -0.03912494402351516 0.03710051859577128 0.1465302182564915 0.04262192982106902 -0.07181163022233772 -8.0768864546137e-06 0.0009629920083973088 0.09131038367234301 0.1016985256962685 0.04191648791128534 0.01307525600218038 0.09151749192996418 -0.04610204431079361 0.1354563658030343 0.06442366302664314 -0.03250640997658849 -0.03714576300629732 -0.005766240150120877 -0.01860012206868711 0.03191772584721648 -0.03671085109469414 -0.1138576014631251 -0.006737889832230822 0.04691731492136446 0.04758283516386274 0.03860649098809772 0.0503868899327018 -0.05659461788892787 0.06039917918452105 -0.1354120759924616 0.06804593737902268 -0.03390235013152026 -0.05744723133327014 0.03374009673879372 -0.08755685646536372 0.04519080044280547 -0.02655975987411118 -0.01163440950025313 -0.02044074597859305 -0.03371432234901413 0.06057352913141274 0.04761355533381784 0.05055248910256795 -0.01274304762699975 0.1096491461942089 -0.05664072106135255 0.02815441950875006 0.03464554911506125 0.01624027567150731 0.1071446280764056 -0.07737160969781494 0.0261687071704284 -0.01351271814987681 0.02577673846539461 0.07130455856084932 -0.01676649291946948 0.02663010115864817 0.007378316697251771 0.03090276725580584 0.0006985897913741925 -0.03822323444929729 -0.05335781136819973 0.05004530297159102 -0.06879830696123965 -0.03661406842765729 0.03118825783443741 0.04163208383699864 -0.05098431268307047 -0.05953576033745226 -0.06351683183636908 0.004500842160664209 0.07143513153199535 0.09866235052471717 -0.01399635152667389 0.001098989833961524 0.02248398933448913 0.0156117004521574 -0.07942462599670376 0.02113377616489016 -0.08112719901110178 0.09572278035256832 0.04108152065322031 0.04950642493481935 0.009051513272907707 -0.009096772310421608 0.1060359708824702 -0.03998159866966916 0.009137200321336591 -0.002118815474601558 0.1014943213106144 0.1669636023152027 0.008935075998755419 -0.1226306711082941 -0.1045829264710436 0.07658995071248197 0.05067434545823674
 0.1023301541349331 0.01399963704923751 -0.0852248251847439 0.1506925529441814 0.02822961276597468 0.07216270209313948 0.03539009953083485 -0.002928543539294433 -0.008033577753478523 0.01413697673951093 -0.01515388189390748 -0.04643770838056838 -0.02688041999053446 0.02950348461621113 0.01040945765589346 -0.03190587434469636 -0.003193672527701232 0.05586321723904502 -0.08068488742936884 -0.0627848446041484 -0.03251399445636063 0.1144326917008886 0.04334603000384494 0.03436463673450652 -0.07836529718632329 0.1107151307123872 -0.06459957985704742 -0.05333273257237414 -0.02612759111179772 0.01702261162294629 -0.01209664747035379 0.04022218732509623 0.0106659505525996 -0.05231548982734247 -0.009622310146184308 0.01054963822502416 0.003774433864060728 0.09105214637200293 -0.03049161733158184 -0.1473923101742813 0.03446123310854295 -0.0005649447154344489 -0.04378641319276971 0.02506819729601743 0.08130714231717677 -0.0620486798542646 0.01678757659528748 -0.06246309739612356 0.08161313173390929 -0.04359664127110128 0.03712058268267401 0.04519763435207587 0.04103022646009298 -0.05661812004273182 -0.111390498415381 -0.04128966877255768 -0.02932515603849662 0.06933889902060707 -0.01616728422842358 0.0230841310667828 -0.001379039473549423 -0.02416837189766113 0.06169579898828524 -0.07189065899844024 -0.002681678313480235 -0.01258950684804007 -0.06834036711531344 0.01550614172972809 -0.05321277307769348 0.01351719715461874 0.1497029737624867 0.07221838564685892 0.05302773706610862 -0.03882685730948023 0.01238182044684403 0.0306628818134288 -0.03067436831593936 -0.001325889639132062 -0.05241547772537606 -0.05910908354252267 0.03564843255073007 0.07906569059546696 0.07595230471745723 -0.03385078821795116 -0.006367279561224177 0.04537412887470904 -0.001309872695273668 -0.0008723407488079835 -0.08440613811900555 -0.01468898478447127 0.03180701035102268 -0.08101525229289899 -0.0139487231801202 0.06685463477972996 -0.00914663518683969 0.04222857284487797 0.1003016198963121 -0.1560112019170383 -0.07667226610797813 0.09128499501688757 -0.04510984263719191 -0.003190029757818913 0.04962756681355469 0.1198525718577235 0.06570801775583925 -0.08614903449189455 0.06599569318815013 0.03127143071810447 0.03835485546374204 -0.02709347778907774 0.008896022786587252 0.07301177123444642 0.02301626629911827 -0.1245084777413339 -0.002724902483207322 -0.1162115490728649 0.07909379146522949 0.02575237511242668 -0.0441930012637661 0.01752264455371209 -0.0498481847941439 0.002200925164155104 -0.02913780658626048 -0.01149782239407214 0.02598259872001824 0.0052059700504825 0.01590868447072139 -0.05144172909619996 -0.04221605572502484 0.05327866761572268 -0.007322133189983212 -0.05221091001458094 -0.08842345395814387 -0.01195044813300217 -0.1120220561281667 -0.02437257530047372 0.05316739832798655 0.002262392447486444 -0.02986140021528223 -0.006799645816323166 -0.02287982773136318 0.05675828068723485 0.007167059890351244 0.04275406650729063 0.004107350462944856 0.03434165500056722 -0.04738916829248895 0.03554712344008141 0.008930919686271405 -0.03512996628063322 -0.05827667368397143 -0.01568542841969737 0.1274537667683643 0.02741277750903795 -0.02289605766350705 -0.1224933947274692 -0.02488803613406228 -0.01346750787948326 -0.004741403217698284 -0.02441604926109678 0.04637018628749533 0.03269764028763181 0.08461687036455696 0.0713150164380754 0.01383360262026634 0.03051892335333677 -0.06522670105702455 0.02473115771250099 0.01806664574659895 0.02064515798955973 -0.04359572219370134 -0.001499151893003543 0.00101148175832499 0.0592766810711863 -0.03337294205401097 -0.1455708759255617 0.004634643563661037 0.05386374291145794 0.03688368909986727 0.005475177053033718 0.01039435745891737 0.06596297805291126 -0.04290675160121812 0.04132529651657365 -0.123445049401256 0.002295824969132936 -0.02866189731537572 0.02514708679014277 -0.02048538036201305 -0.01811077980350925 -0.01082527013452362 0.02527922228667073 0.009869171328633179 0.116286200776786 0.0006775834692438442 -0.1070640105517148 -0.04316389966412788 0.02516238763584123 -0.08324776321175822 -0.06599693985365492 -0.0566711053744204 0.02838888076940224 0.09374101552150553 -0.1157045644691069 0.03579422634739825 0.0295876836449686 0.05758149713478968 0.04879657872433795 -0.03436836880345231 0.1004137577027846 0.03062916467724889 -0.001896286320703138 -0.06177697925459108 -0.05211204613295656 0.0870544917846275 0.09643676234282281 -0.06744109592302761 -0.07174569961943311 0.04408264926284423 0.06658266292544508 0.06109536457740644 0.04443351839677152 0.02762210847266069 0.002812995347852126 -0.1469640260519279 -0.1890527679775491 -0.03959202361755865 0.01676512192252518 0.03216489491978523 -0.0538922659752915 0.0199249780125458 -0.05419558548544799 -0.0263618724752869 0.0860199119999676 0.06561854506461587 0.03379002348642902 0.01582248284220432 0.02007619568689238 -0.006000231496225309 0.03698327206854649 -0.01735728022102834 0.002671890028088667 -0.03053905647295153 -0.08521560417934591 0.02338623119300226 -0.1273431852692788 -0.1087150410576719 -0.03796745703391946 -0.07500605459488723 0.02219976982072011 -0.08655416705112332 -0.06571162057292475 0.05951531677986573 -0.03542816488286723 0.01618187587943177 0.009385535100872235 -0.07226209684820023
 -0.145369663321621 -0.06079648424945455 0.0007969236668232612 0.04249755786149744 -0.0140978067435724 0.1305210179663484 0.04134535241908033 0.0525473297298294 0.05793639045497281 -0.0086163728562479 0.05733862626563054 0.1528681207682807 -0.02118252389190082 0.006658016653911905 0.01719856469623768 -0.007085668154945804 -0.01354090130594074 0.0760748847676663 -0.01743790915918986 -0.06910987809878806 -0.05427821184228006 0.04350567964178575 -0.07655739996468947 0.074458324888677 0.1507643435859114 0.07843471388946077 -0.01931015311989477 0.09761595639674316 -0.004078915310619457 -0.07370458814345329 0.06656594319273267 -0.04151511687258629 0.04828264737255308 0.003246183935577224 -0.0475935265880871 0.03527338668471727 -0.09565821876078177 -0.07917304223713813 0.0009714184495901377 -0.01227131417647679 0.07994105252167827 0.007263826224239859 -0.02789695917034994 0.1388668336952574 -0.04780442474602549 0.04086928853693488 0.06807036738736379 0.03036071632142431 -0.007934849968552118 0.0548135879181063 -0.1078454425055215 0.03618079634343135 -0.002519198507028864 0.08064082658168129 -0.06153799672364772 -0.0320514387524648 0.03954186302083083 -0.06533902772364721 0.05792791033352702 0.04291678468895096 0.07014018715050874 0.03667581456929919 0.05298894479978833 -0.06931749331770011 0.02105380674883131 -0.02896184693318165 0.003826223947948718 -0.0215029957391515 -0.003731047200275948 0.1646302797096791 -0.07134634718221129 0.01051279174147085 0.06582073400127815 0.1318988070270731 0.08958451845241504 0.04124508787572088 -0.02500891445061368 0.02521625247134977 0.05887543113591003 0.03881762496111352 0.02863289585798332 -0.01568366455096121 -0.06629398827198228 0.06639346399662974 0.02175423492999722 0.1161607916079636 -0.05121155077579101 0.07556754018349585 0.147008725004545 0.06974048738705356 0.02414803478596496 -0.02399501074113854 0.1036034415113512 -0.002083152218663648 0.05347397513809214 -0.07524879523287983 0.1148460379031469 0.06850478007342187 -0.03596636671343582 0.1031951850705554 0.0761133906320649 -0.04819272906334608 0.09216020314299006 -0.03379385154589701 -0.08554795129817952 0.007698000414684068 0.07274623265445665 0.02651568928071403 0.02154522578733258 0.05390754272380462 -0.03133536442096663 0.100026653726256 0.01532570909454116 0.002571763062756018 -0.0858339740478939 0.01067104140779337 0.03553188144297568 0.0002595661567498762 0.05507508124853952 0.001201714399595543 0.1373970856447164 0.06247024855613056 0.02487439653191644 0.04744026295465031 -0.155656134690385 -0.02658849376017712 0.0711512241894403 -0.04152306087008515 0.007177227688182412 0.0446498366489586 0.09274560053092004 0.00104953453494941 0.04667143429008525 -0.01347839478669881 -0.01817301830249382 -0.2084246333197144 0.06391736510309461 0.008510353517845874 -0.04301938995271783 -0.007696483495239998 0.05014340334826298 -0.1486762447735836 0.02398419471908112 0.1073288686086421 -0.08151011130857989 -0.05145134453171225 0.03592115013644039 -0.06056797962446118 0.009381232211329894 -0.05858724942228007 -0.03508752782279823 0.000346736534604095 -0.03680041578797561 -0.04877705707535257 -0.2272529925189847 -0.1790846670797104 -0.02573048455840244 -0.03321200696496718 0.05020782134700099 -0.05574753715043409 0.08428598743472945 -0.0783938522891514 -0.1904857450690007 0.0297636528639455 -0.07161017403626094 -0.01224103314711418 -0.01487653159888511 -0.03597106882322609 -0.04679845603964816 0.04173730842649619 0.02892958524271096 -0.1418063462330903 0.09542990588974823 0.1665699552133015 0.05138398796889492 -0.07347646399663148 -0.07612216198415579 -0.06285733001567168 0.07644941894196174 -0.03117908320873298 -0.04433703084204706 0.02206031016912293 -0.06316056489290109 -0.02918219494591455 0.02025868672192469 0.009675148476655871 0.03049853594188573 0.0173532434616163 0.005108588109322484 0.007256731439792664 -0.01579445746799616 0.01740237038326595 -0.09168764949756404 -0.06386234819025305 -0.09589196850798054 0.01640236617729746 -0.08409345864606474 0.02938877162254494 -0.01803588696928185 -0.04721101021570445 -0.09355454364900929 -0.05616375790807582 0.02714613711881504 0.02780021454021981 0.04968773336197235 -0.0308552785107033 0.06020113461427514 -0.05849673271918129 0.01781437419475213 0.02480599025209708 -0.02653544352533119 -0.01361241039276299 -0.1389132195519708 -0.04766604279388797 -0.04947529710606748 0.06968852599908598 0.08068907924657968 -0.04030153304545726 0.0240537872371712 -0.02022224781154764 0.01416475947838504 0.06071945395809322 -0.02679261921372869 -0.03627575520496349 -0.02364990238850286 0.004230552646359113 -0.06937798779926124 -0.03596953578889398 -0.009860076068847243 -0.06044505255611955 -0.08498147525413377 -0.09692598514982056 0.04413585280621397 0.004912509684485038 0.02649410475027422 0.08596708367807436 -0.03298112136571603 -0.01884569487072036 -0.02120518313347491 -0.04342680559519807 -0.04730012017379514 0.02143023156652696 -0.04774441391416641 0.0809480890517171 -0.005700781572496432 -0.07056949419997272 0.003246976620028196 -0.0224498500780361 0.1249192892241471 -0.02187000900832073 -0.03588267813225746 0.02793062910859768 0.05748733283745129 -0.06252287846132507 0.01738177411512206 -0.03783272495828051 -0.06954073217379252
 -0.03673584218890647 0.0178510035956527 -0.02686966140591006 -0.02769723892986173 -0.06228503298655567 0.1620231252059247 0.03019400414116681 0.09435300694664561 -0.05558752859959511 -0.01757853773624736 -0.01592510901309888 -0.009839810002584493 0.03273477514446336 0.0604606691571706 0.1203682217262421 0.103543262937404 0.02338031223999879 -0.1392519133714462 0.04056540363062097 0.04475502151626869 0.0928073760489137 -0.04879648672416598 -0.008405938017820821 -0.05514833434419671 0.005819251046984892 0.006718627952279835 0.03375520208220122 0.08113277471716517 0.05166739579890247 -0.03062425785021632 0.04508801865530605 0.04243623522057526 0.02093590961837676 0.07126230390814435 0.1131058937684446 -0.01041687819271806 -0.004357921441964633 0.06648311156436988 -0.08297675939618816 -0.01824329418356759 -0.003599611813638759 -0.04118571420565253 0.1302586442476241 0.01709791711061075 -0.03891156760941088 0.04491938898873834 -0.02723496285408875 0.003350497310135328 -0.09514615094645469 0.1044926577044751 0.09892822460844516 -0.1594086143668577 0.01960288827559428 -0.006939925379429584 -0.08513152263231191 -0.04798639139056737 0.0233859010545726 -0.01888596848631908 0.05678666492546675 0.14935711258787 -0.002605781622083163 0.138439298027255 0.07117630758623253 -0.04160520410071969 0.04028507800659464 -0.00389522468741198 0.1686079016633798 0.03832672212235052 -0.1069003484704916 -0.00802173855620439 -0.01150112025351417 -0.009432773371345658 0.1037007477001715 0.1514479006064398 -0.1212014321097725 0.01156784061959019 0.003617385930893832 -0.04262894884059767 -0.09958998910366103 -0.001993749651848036 0.04527896416476672 -0.05705789975253384 -0.02181276706522766 -0.1927733188157193 0.03114194353790434 0.05120755885435063 0.07042828922843797 -0.01397047096410327 -0.02023748553641913 -0.04262213766564414 0.1107069230268417 -0.03905924877798628 0.07641085109203205 -0.0429217102716927 -0.1085777416641083 -0.0773302741008087 -0.1704898970565285 -0.01357626299770783 0.0002917767054351091 0.06854194652338073 -0.07401457114706847 -0.05893902003982593 -0.07806511952969254 -0.07756645825806402 -0.0001250563502303382 -0.08200719809143538 -0.05114216098477988 0.02988358837967897 -0.07896787384571255 0.002808063563240569 -0.1178237976757351 -0.07704238932572507 0.03196558600553422 -0.01018372454478036 0.01914431760836078 -0.1000168876658332 0.02344880271104237 -0.09706701484849443 -0.01063638800009791 0.1170420311795496 -0.07870541213223159 0.03165220138787175 0.02498719164212717 -0.04462117067968555 0.1470422620972927 -0.02934469643210681 0.008553237600535255 -0.04458391449075033 -0.09203674255231196 -0.08227154853775956 -0.02515230863208206 -0.1239475478674634 -0.05397248617725755 -0.04220024521938572 0.04440190051350092 -0.06725335511735814 -0.04105339802134744 -0.01199025590847036 -0.02251366906398662 -0.05616316308061856 -0.02272713373652938 -0.1541829419990031 -0.1422686815534113 0.001341122202103258 -0.03244546397293812 0.04510130193324725 -0.07944462808564369 -0.02835583701494027 -0.02205554445935895 -0.07298379341017587 0.04379802425816431 -0.08574987093500484 0.02412351027318626 -0.08684328065329146 -0.06628705073302606 -0.07766549479951894 -0.1017152872769534 0.1145650391480474 -0.01090368139429505 0.03048576768811992 -0.020021528943817 0.1381380237032139 0.06321672470417869 -0.02336981343883726 -0.02658599992710823 0.01749092233588969 -0.08237328280719247 -0.03166706619672514 -0.1645947684735675 -0.05845714116409564 -0.003658519295749518 -0.02278599379266308 0.04812444351711661 0.0217470615134208 0.0571734689451498 0.1094061025660386 -0.0969334596933689 0.04227754339015868 -0.07150225031837268 -0.0198293915292768 -0.08389735873769209 -0.072099239221079 0.03041227311538265 -0.04693655182315044 -0.009277067551321662 -0.06697991444535048 -0.009264893484011444 0.07761563591754424 -0.02803000798039808 0.07569775998865791 0.06390881578089089 0.0206703222864712 0.1133287421421032 0.1159963161741818 0.03481855263975283 -0.0467626545704449 -0.06362642293685834 -0.002456059199179877 0.03546650148686869 -0.04394406336823375 -0.03335897350530239 -0.05473420932616547 0.002451885408493602 0.01779529786189611 0.03341049880931314 -0.08077213860094633 0.01762876455543905 -0.05011796465759145 -0.0843080838342893 -0.01789534902562043 -0.1116081005765317 -0.03568289556845766 0.01367016782287738 -0.03221011501098193 0.01108270882505477 -0.05626806245715425 -0.03123400947636714 0.005359803827183395 0.0748687136853733 -0.01789018360269843 -0.05436709217471648 0.04722207074873033 0.01378467946459066 0.02687286281244853 -0.05676148517468455 0.04063299340727045 -0.01195330602871973 -0.0426088308087871 -0.06084428427588199 -0.07873233931868202 0.0547163280149627 0.01113789955003336 0.007781197490485263 -0.01386470965518393 -0.1248073104698233 -0.06335068293763028 0.06481375296973929 0.01809795624685598 0.0189633803201106 0.1733147369201217 -0.06364071219046306 0.1247541014463194 0.01039505040934871 -0.01333252854080352 0.005220192173664834 -0.01000826944299259 0.03244216896840212 0.05261717946128383 0.02379954251569432 -0.06080674664491367 -0.07700554493870573 -0.01663905857675836 0.03478298807336318 -0.04790160683610508 -0.07206598199196632 0.05390639440379742 0.02384143631967478
 -0.02618949382907879 0.02533016480395624 -0.02707595093834406 0.01628082401099138 -0.008408054660821698 0.01377462665209171 -0.003677782408044684 0.02559774104254935 0.004826738400587575 -0.02298650338743476 -0.04242942178815608 0.02610759770237348 -0.02270819012532839 0.05317982120528515 0.02160741733949794 -0.1187969195959354 -0.05594342430828227 0.001574675667328044 0.057284689371673 0.04787610509653493 0.009892396631585604 -0.04041845178843147 0.0575086123227329 0.1309349480282794 -0.08138621996740804 0.01652003878350214 -0.0598074165134717 -0.003737995133450866 0.065742111204875 -0.01064545801994397 0.05202596787006417 -0.08976534134081235 -0.08952395568975406 -0.07474562190185939 -0.1494135701353532 0.02655004831495668 -0.04646376056576725 0.09132688626926427 0.05150046740196839 -0.02121860836618277 -0.01618708653097464 0.02686364133686074 -0.005276315189456438 0.08996012956156085 -0.03307817815228582 0.01365166857203551 -0.014403000426365 0.0152330029904756 -0.02117653904310948 0.03388556033686659 0.01451757403002854 0.05600510155200959 -0.1287239192559713 0.1147426488445735 -0.07870920774222467 0.01737236463171747 -0.1532071211782147 0.05562169144487035 0.09466560918796045 0.1197899492213809 -0.0148756864651935 -0.08573604800727773 -0.08750395920633434 0.03261645220528082 0.05557424570799731 0.01263373390194699 0.00969521535678842 -0.05593522093334381 -0.01650956438904572 0.01912825131709294 -0.08060260327573576 0.08318820596954317 0.01448446626771021 -0.05229325900221692 -0.03864050695775957 0.0036983587112324 0.08326566609656544 0.02205893234437295 -0.003061530068602606 -0.02229083534392362 -0.02098718387408535 -0.002195798371600288 0.07789350450240341 -0.1187183390762071 -0.02782914419979689 -0.04104553555472437 -0.04056572201336538 -0.09001477726130933 -0.00821724429919121 -0.03329945424709469 -0.08379282695020697 -0.09226884554536506 0.1795087297753283 0.08172306733676706 0.09326431548123865 -0.01593715548334238 -0.01960201535747347 -0.08951092712898646 0.07139314680933594 -0.1084698888022528 0.03361450410219339 -0.07925775648447635 -0.07201795943520149 -0.04379702222301022 -0.07096685674311543 -0.03120702095702188 -0.05571010385661344 -0.115286138212013 -0.05567281096325244 -0.08276957443373056 -0.04366681618234304 -0.05896234051320502 0.07780167543375575 -0.06876850793448906 -0.1137308566390007 -0.03483395752797162 -0.0973811075379003 -0.02026905813917341 -0.1216079244221846 0.00122479835323853 0.007592122245977832 -0.08204895356043436 0.07984712105173952 -0.07589869212356491 -0.07723512364411224 -0.1459522879186152 -0.03048679517134287 -0.0205652649754361 0.001257457820751431 0.08967116687024758 0.05645692569441995 -0.01131857121893475 -0.08499637529731449 0.03324294346789853 -0.09477916497395322 -0.131235328636632 0.02523125223829626 -0.1069691929637008 0.0195293106159977 -0.03638758208736711 0.1336360580688698 0.02716466476709667 -0.0149731568648368 -0.1203984021378328 0.04199325856490548 -0.08989394854978172 0.08984915508312608 -0.03304740240221511 -0.02404648718250355 0.0477082357211952 -0.01246653014132274 -0.01928375359199973 0.005251481637368778 -0.02604865361076856 -0.1025062367116789 0.006310344003551823 -0.1014392295627172 0.03083725413340331 -0.07400527103141953 -0.02862087149402123 -0.02273675157174635 0.07886592766268773 -0.1113826554788696 0.1141893736466181 -0.02005780632257371 -0.07548203528834888 -0.06170384144062057 -0.06717365504960268 0.02291859141980335 -0.05935804218877919 -0.009319482164633668 0.03880745192872251 -0.09263583265890653 -0.009346946652346909 0.0377820101072549 -0.1826292337909349 0.05330862750355084 -0.04003208219052744 0.09702646184513224 0.01586052060019621 -0.1493195647845155 0.1251627486031897 0.08048106107905842 0.0863269090908195 -0.1137183616303471 -0.04125119678375658 -0.1109506469867813 0.02226036959751303 -0.0459952218380407 0.004714994639029154 0.006520809106046381 -0.06447781686940578 0.1075449027623682 -0.06320054453547584 0.04652181799426574 -0.06444888425849946 -0.002446785620523549 0.03701414174776498 -0.00429064499541909 -0.02993559015424764 -0.01824920542089129 0.1768585295042321 0.1325594609088469 -0.06837206085906719 0.0203127248671816 0.05782173266435577 0.01699623680437375 0.0258697723836788 0.0828376115283842 0.05463724092369526 -0.0005505878756270093 -0.008848675348622532 0.06918285555457053 -0.08379742559159012 0.067209891005931 -0.1093756498646027 0.02996616569140347 -0.01612585091614479 -0.06091984905048085 -0.0346774586045577 -0.03611483857575506 0.008689179207459014 0.1179293461196365 0.0179789554827814 -0.1256572912341802 0.07309423508361779 0.03973202657801432 -0.06411276711009262 0.003945686388910482 0.08073427064839712 0.07345882300369301 0.1310777255703726 -0.09686239478705506 -0.05489093972187854 0.00625338364283682 -0.1391479694515207 0.02278705197332419 -0.06521763043360924 0.1099291548675787 0.001016327548004796 0.1635976438303511 0.04997932027245877 0.05278529134662847 0.1305639025992138 -0.008597544806166663 -0.006457837763086265 -0.13513629883323 -0.060587308804385 -0.005338634184712334 -0.0943871879808655 0.04364231706820428 0.06358757076238906 0.0555756728622969 -0.04906082132918059 -0.02265374729169295 -0.07573229640737528 -0.006634611639357357
 0.03871720635240811 -0.0322341691194474 -0.1104284070669389 -0.01562354056279063 0.007874610628616533 0.004780140678551356 -0.0370076971500605 -0.01401529774470972 0.03424219040843769 0.005971329192579416 0.02628277148503936 -0.01112100391626949 0.005250883313789202 0.004637266709142986 -0.08838035365547657 -0.05624368969437539 0.05763127263203172 -0.03270455597913218 0.01971320155555534 -0.06819015495951851 -0.07324600247926322 -0.05531700039291455 -0.03295908356173508 -0.0777843370555068 -0.01367845785432789 0.1085232930862629 0.08552694608785412 -0.01892215401004842 0.04072731053300845 0.02926046786857749 0.05051641902602196 -0.1454394703179795 -0.1072653535704475 0.08345038855560453 0.05578374797297802 -0.07335983376017832 0.08389467371245748 -0.03017822830053108 0.06665487829074093 0.09146396568230285 -0.1395127722303409 -0.02903759786370725 0.01286066057608107 0.1265547243211093 -0.0526476874747975 0.0493482838649811 0.08614737641000296 0.01068109415974633 0.01188922443751689 -0.02602060015411813 -0.004741694812536008 -0.1254787613617974 0.05938272100306204 0.1040353437642515 -0.04626339693466524 0.04584049432344094 -0.02492716083772532 0.01325028744338782 0.121084258023692 0.04987631306657932 0.04985642544403006 0.01902108977639951 -0.1030851724807391 0.1489958262405744 0.02981026889084868 -0.04057519607110737 -0.03400516551258764 0.0369154677684909 -0.0540369411709036 0.04516112590117653 0.05984596442932974 -0.09841416607074059 -0.09341553036657195 -0.06615325799634797 0.03433143923951705 -0.09300676734276168 0.1104185410124665 0.05130737467530033 0.03555253218585064 -0.06795164123475128 0.04176295679735609 -0.04190432862823388 0.07606166903973807 -0.02611222910105256 -0.01893117441079412 -0.003254072172985912 0.01785931452468287 0.02050801087338962 0.05922773288300058 0.06149545096374243 0.01192343765196674 0.008276522860154747 -0.0652998521838512 -0.0198331494719314 0.005853995411932843 0.0410752041749391 0.05907162826910519 0.02074527651561395 -0.07931781439898085 0.05348279331407951 -0.05858093217253023 -0.007519771829537376 0.0003140895088902145 0.00340819623364861 -0.0750148583157384 -0.03146509936429039 -0.01567493302448926 -0.008593996360648186 0.02966883338247295 -0.03403204385375226 0.02526715784209815 0.04645562539524292 -0.1208735865042942 0.005300110770829635 0.02160797987994655 0.02928518904026499 0.04302794406473119 0.09779460410864134 0.009732983465125864 0.0668311835358555 -0.07066157452267249 -0.03828240307756454 0.04051336832079955 0.08042373294017992 -0.01732704218523003 0.02411508426285336 0.0005045086760511249 0.02497175055982304 0.01468971454789298 -0.07919232980171345 0.0613279471801817 0.0244447525116654 -0.006872163139274215 0.04090241592233095 0.06212171927390972 -0.05387475027518021 0.01191036097162666 -0.1118946585329245 0.001042964773729787 0.06848313724208725 0.03503614773771799 -0.02145193415465855 -0.05526834262572759 0.08271947074412002 0.02955269666327012 0.02380628910684254 0.01085616126043834 0.0331155575580775 0.01682789542286738 -0.006226033157092627 -0.01101899314388225 -0.01883828887967879 -0.09742080855248902 0.03187234279877008 0.1671744597858973 0.09172455182423711 -0.05834841813453913 0.02468035154389018 -0.07990470587478851 -0.00411400314789097 -0.0316134184634348 -0.01261673131747423 0.01796312946974243 0.1649562897564172 -0.01768887440530822 0.1306737436688973 0.008110888845088779 -0.01645004854492316 0.003383366032874747 -0.105915059710274 -0.03624872372516776 0.00784197160769374 -0.1153369015029751 -0.02027697480461362 -0.02053616300603089 0.2061095252227549 0.06822936463633332 0.01524645846187096 0.03650255655874936 0.03475759858609875 0.04017373326270142 0.05638200758094374 -0.007244757141565469 -0.04846675584748419 -0.01952721044243198 -0.04708501422941505 0.02919603906385617 -0.0247733029141606 0.0100616432816773 0.0007438619489546248 -0.2379825867766847 -0.1017161798586375 0.1147918703246515 0.06135496482953379 -0.02397848690568689 -0.01772934702896176 -0.0396748710817107 -0.04285384872088377 -0.02173116798859358 -0.01592327168965905 -0.009056385200511146 0.05263112017533019 0.02430879897002013 0.1649155580884618 0.05331818757756785 0.08591091106744926 -0.05473653926671832 0.06075856805655622 0.05268821554336093 -0.1120324319290296 -0.02500152581937723 0.008888253922549457 0.004085293659822258 0.06204146409294978 0.03395011044646547 -0.001593033071103317 -0.08267849010440211 -0.04005987046934026 0.04310732913276682 -0.04020768012776961 0.03003036355634158 0.06724568024288689 -0.002428333424523775 0.09778290514812807 -0.00794533407959868 0.04189558593549531 0.0745281166319373 0.06995338139880568 -0.05888028574946574 -0.008937394935790492 0.06306699341484905 0.05597461142428663 0.1963656113874006 0.05404227469226242 -0.005797768487531899 -0.007069950197390019 0.02983590536267026 -0.04771929232730135 0.09146780056191217 0.09876063118257555 -0.04797955450160006 -0.0833388023430751 -0.02754474444612324 0.06655409182028002 -0.05880321549385258 0.04061259940880886 -0.04124498926508242 -0.0961986862190929 0.01608021073381095 0.08619549517904712 -0.01419830233637475 -0.04062739803331984 -0.08930927085325298 -0.008081588284385583 0.002124632676212512 -0.04129490487965889 -0.04314187378319388
 -0.060758189710774 0.06368816806136289 -0.04716798521687623 0.0789132234704647 0.04531697652876463 -0.08620573756978833 -0.007545738127035013 0.03161321187319204 0.0365073862226856 0.03174510211684152 -0.001991596506962347 0.1460538644571813 -0.01756805836367325 -0.009623036881668089 -0.0419354812867978 -0.1112821660997557 -0.1154128995226773 -0.07174675932430366 -0.02368457002096703 0.04691099664667823 -0.08620316955067871 -0.05297531202924045 -0.01926594026758621 -0.01638763895829428 0.092979118310095 -0.1147967348173034 0.02476356804154174 -0.01609729925008672 0.02566952814198936 -0.007621631791187055 -0.01941084148523302 -0.0427347696257967 0.08786470715178786 0.1399310017112045 0.01305430492547426 -0.01015595096078515 -0.004835859366663177 -0.009015126497862749 0.1211484025999544 0.0408481794154527 0.03444738118339812 0.04493409857974948 -0.07714238116920029 0.05404302118814597 0.006511168113771187 -0.03886561497179433 0.08539034050440995 -0.03908691464676031 0.01578659595791408 0.003522183240480598 0.0005833415597541926 0.09175229238583543 -0.02095534242206702 -0.01191770361442742 0.02857699824064722 0.002379348686094102 -0.09738441861431234 0.01122729972253862 0.05082508784634564 0.007633947936189966 0.03653831428528567 0.08077848134288919 -0.06283086658199391 -0.04339912004780524 0.0292028299558772 -0.002335290657328697 -0.07773371418892498 0.06711754026027282 0.009845733012854036 -0.06002429199064132 0.01184827085686381 -0.05528096382029344 0.03678831897242477 0.04016764797626676 0.03596638630750976 -0.06063880845333666 -0.03910590085866954 -0.009597650998250714 0.04649438879840909 0.03487096008384816 0.05611811031913971 -0.002336217333758491 -0.004633679562701093 -0.00186498228221219 0.02872169942699184 0.07979548304551368 -0.02389260480151041 0.0994095003660436 -0.01220066230540928 0.004247155421702191 0.03400287497742666 0.04031952765524716 -0.001642496736660593 0.06360606317261872 -0.05367922077424701 0.09583232493705295 -0.0122296156597256 -0.05899104190766056 -0.1099552057819643 0.07118782368678495 0.07724176318575783 -0.05334354112700593 -0.04953475304848405 -0.03141177967827333 -0.06625014577153185 0.04315710698980601 0.04519053540049867 -0.05156137793543336 -0.04902571613067398 -0.05164837404258747 -0.02699796944246066 -0.02476094654999134 -0.021716225006474 0.009962367925520826 0.07939891862289405 0.003135315915681618 -0.02077487980088436 0.05190751452179574 -0.01173995708276536 -0.04677694028640403 0.0420485877896055 0.02957866025657033 0.04731851471954766 0.02864324086555026 -0.03935357986888233 0.04868094158695489 0.1049741188112153 -0.02237929976088416 -0.06974651532408432 -0.02927183956955004 -0.01654454807949718 0.05582896564660621 -0.08449418705981035 -0.02253088179921495 0.01715600331599803 0.03045200034200296 -0.03033344676056558 -0.004494110486890899 0.01919348349167998 0.01261236138061444 0.08035315346686715 0.05300055420464572 -0.03956361590910858 -0.01558438859478965 0.1274408069260985 -0.02856443054662082 0.05066697889066366 0.02381860239037436 0.03920931121462611 0.01558841777007831 -0.001475643007472528 0.04722140505501266 0.08462187718041242 -0.02433699859750033 0.07758939687909655 0.03422417279731967 0.008033742113335093 -0.08980095659782514 -0.05745839300377465 -0.06631053227925193 0.02774045355154278 -0.01943378927124451 0.04864444083646325 -0.0407242657188783 -0.09067410271234758 -0.02719539773452131 0.08245688208071497 -0.007102983379595963 -0.06417812430020242 0.02455947821853015 0.01546688979648169 -0.09045270332104038 -0.001058219682427477 -0.08450986227027241 -0.06206319206311146 -0.04493872377010498 0.08468014719001833 -0.09123100176211058 -0.07714915376638094 -0.01037863342470693 0.04707303767946116 0.1068824864381853 -0.02865252722098807 -0.08355047931772408 -0.0406859269404337 -0.1686997232543542 -0.08458125635048602 0.007642716031733785 0.01422757479717348 -0.00441645078692132 -0.00399383487840416 -0.02413265444187604 -0.05868515615908916 -0.0485133275509992 -0.02244399522949018 -0.007500675834010216 -0.05068305289581438 0.08198536138999551 -0.06684524849419564 0.04189160199614298 -0.03890065160484513 -0.00549973576710383 -0.05767408921803746 0.02384580832118009 -0.02275615170501897 0.01539348362623993 -0.02080365526854677 0.07732805858902246 -0.01813750612377056 0.005892856355961463 0.008142137253475042 -0.01202193421404299 -0.130233974820943 0.01354583710247535 -0.008095559967346603 -0.09329344626602973 0.04863275032796046 0.02812360605156162 0.0001042888381464221 -0.1819919297332822 -0.05343291944596033 -0.07409970884000719 0.03403682895318901 0.1022751671525948 0.05584063779575088 -0.03041999392345604 0.002230696327280859 0.001297934883023526 0.0329777179588069 0.005646924769515222 0.05137812653434329 -0.07046578108962756 -0.03183530100392393 -0.05054224860851567 0.03418840362627301 -0.02265167885098043 0.02122349068018253 0.01757669076922509 -0.01431079330564453 -0.008419348285647024 -0.05217422991340286 0.01045075792780244 -0.0602480871410845 0.08693831900971098 -0.2056697010150436 0.0621721267318935 0.008119548360008517 0.07156458376366953 0.06133763606141281 0.009276060983716843 -0.02518815198036977 0.08600927193333685 -0.03952472731462287 -0.01625032522667102 0.01682857970677434 -0.04799472783706359 0.08206678340572306

# name: <cell-element>
# type: string
# elements: 1
# length: 5
f_ccs

# name: <cell-element>
# type: string
# elements: 1
# length: 6
df_ccs


# name: <cell-element>
# type: cell
# rows: 1
# columns: 5
# name: <cell-element>
# type: matrix
# rows: 10
# columns: 1
 -0.0059026654081461
 1.043170511530107
 0.00275827390006566
 0.01650390981716385
 -0.03429525042276563
 -0.03442600427652696
 0.02553170705119945
 -0.006978772735868884
 -0.02490278891136352
 -0.02323329602882763

# name: <cell-element>
# type: matrix
# rows: 10
# columns: 1
 -0.0059026654081461
 1.043170511530107
 0.00275827390006566
 0.01650390981716385
 -0.03429525042276563
 -0.03442600427652696
 0.02553170705119945
 -0.006978772735868884
 -0.02490278891136352
 -0.02323329602882763

# name: <cell-element>
# type: matrix
# rows: 10
# columns: 16
 0.3533575616434453 -0.4070037588184184 -0.01962952102378687 0.01962264541707709 -0.07267748544299274 -0.2045804325265785 -0.03954951246653121 -0.006876114045694289 0.09038661933746116 -0.0170406686501494 0.006586335130673927 0.04941449058791261 -0.06448351354092312 0.003072122708225996 0.04274248400007479 -0.07386485321182809
 0.3302507889977249 0.3273429143979777 0.1911829671216793 0.01625954110922826 -0.4531574442408655 -0.2153713611027305 0.1815716198956916 0.1066207590602248 0.1185448643196431 -0.3230811249948273 0.1818441232440567 -0.07426111707430624 -0.3031071496924337 0.5149056787150305 -0.06200985145602598 -0.05715752623645747
 -0.2612247433873779 0.3269278526147768 0.4981143865860367 -0.4605501259355682 -0.3408094141576066 0.009029664866674277 0.04525714744607565 -0.09091200124679621 -0.05775989879556574 0.3236856092400231 0.2119595180099684 -0.1168668859979541 0.2411814871019454 -0.06066804179451676 0.06177526639899535 0.1025439231933917
 0.1655327245047195 0.2778850198026889 -0.3802776920781911 -0.198146901042083 0.244443302230105 0.02541258973123554 -0.2748684482754949 0.1294966368384773 -0.3462455293587805 0.1533652872290009 0.3265077809634582 -0.2591839467376954 -0.2378336032690913 -0.2428125043904431 -0.5547320251567266 0.2796902601806375
 -0.0365558261512741 -0.005231226371170285 0.2642769452505823 0.1784610126111627 -0.1704355397191208 -0.3032053281895375 0.2322389559852649 0.0464482373405165 -0.5807832948592195 0.2529891683853016 0.2741312412834501 -0.1078980154462519 0.5889755406111535 0.2480467095207396 -0.1629017754328614 0.4632970560969179
 0.161746577873758 -0.04454715955497992 -0.2449838644091553 -0.1669988287433992 0.2312763765875047 0.2299191538379385 0.3806857381496943 -0.2577849850871852 -0.2375974744565519 -0.2948821733235462 -0.2515870301019957 -0.08592818482240049 -0.1815768257035644 -0.0160699996042157 0.3051529904931231 -0.4057503903423122
 0.1287113504967507 0.1159264488596152 -0.4036694962296766 0.05201256548140237 0.1632528375290971 -0.06103010482939521 -0.04123701968209739 -0.1448114507414299 -0.03630492605164953 0.7140734435512545 -0.1832279143102859 0.0424798928189096 0.2019003222896445 0.3615218117509627 -0.2248846774775619 0.007512219147482413
 -0.06504810970675462 -0.05516990205872404 0.06003402081468416 0.1166313514552147 0.3725313075425931 0.1327364078883883 0.2227410348148745 -0.3959663031024551 0.2670560901826072 -0.02134448812443846 0.4551695142253623 -0.01151385563769602 0.1232817256720615 -0.097534208194407 0.1286297561805108 0.3783965868248769
 -0.2823826226926153 0.09238618914367513 0.3505524382534915 -0.241486276613053 0.4970759712552003 0.5537676133447466 0.1958803121784861 0.3448709818177055 -0.03970442730428537 -0.06869608571075202 -0.4052838048996164 0.07413450918953715 -0.3171393963316655 0.05192211453979657 -0.3655623064436626 0.2757721523880177
 0.2385553015438494 0.1800322064760705 0.07286495556412489 -0.06398113121206093 -0.5038154482212931 0.05530905457619009 -0.3767169503137757 -0.1594353289021371 -0.421307755183877 0.2923126024218585 0.02434247241239968 0.3412093191280621 -0.3831669395854771 0.4482947435347071 0.136896890937898 -0.180296948521717

# name: <cell-element>
# type: string
# elements: 1
# length: 9
f_sorties

# name: <cell-element>
# type: string
# elements: 1
# length: 10
df_sorties


