# Created by Octave 3.0.1, Sun Mar 22 17:48:45 2009 CET <artieres@artieres-laptop>
# name: pmc
# type: cell
# rows: 1
# columns: 3
# name: <cell-element>
# type: cell
# rows: 1
# columns: 5
# name: <cell-element>
# type: matrix
# rows: 256
# columns: 1
 0
 0
 0.01700002
 1.662
 0.491
 0
 0
 0
 0
 0
 0.251
 1.137
 1.371
 0.118
 0
 0
 0
 0
 0
 1.587
 1.823
 0.469
 0
 0
 0
 0.535
 1.864
 2
 2
 0.295
 0
 0
 0
 0
 0
 0.287
 1.864
 1.974
 1.512
 1.362
 1.362
 1.894
 2
 1.869
 1.006
 0.005999982
 0
 0
 0
 0
 0
 0
 0.346
 1.537
 1.884
 1.985
 2
 1.918
 1.12
 0.152
 0
 0
 0
 0
 0
 0
 0
 0
 0
 0
 0
 1.245
 2
 0.707
 0
 0
 0
 0
 0
 0
 0
 0
 0
 0
 0
 0
 0.409
 1.96
 1.928
 1.014
 1.333
 1.333
 0.82
 0.01899999
 0
 0
 0
 0
 0
 0
 0
 0.06400001
 1.691
 2
 2
 1.989
 1.913
 1.917
 2
 1.62
 0.156
 0
 0
 0
 0
 0
 0
 0.8129999999999999
 2
 1.91
 1.215
 0.42
 0
 0.014
 1.041
 2
 1.153
 0
 0
 0
 0
 0
 0
 0.618
 1.498
 0.411
 0
 0
 0
 0
 0.02899998
 1.623
 1.87
 0.1
 0
 0
 0
 0
 0
 0
 0
 0
 0
 0
 0
 0
 0
 0.989
 2
 0.258
 0
 0
 0
 0
 0
 0
 0
 0
 0
 0
 0
 0
 0
 1.233
 1.998
 0.339
 0
 0
 0
 0
 0
 0
 0
 0
 0
 0
 0
 0
 0.118
 1.755
 1.844
 0.01300001
 0
 0
 0
 0
 0
 0
 0
 0
 0
 0
 0
 0.01700002
 1.135
 1.999
 0.929
 0
 0.097
 0.904
 1.28
 1.565
 1.082
 0.373
 0.023
 0
 0.01499999
 0.359
 1.095
 1.82
 2
 1.534
 0
 0
 0
 0.154
 1.142
 1.869
 2
 2
 1.644
 1.71
 1.732
 2
 2
 1.997
 1.208
 0.09500003
 0
 0
 0
 0
 0
 0.08399999
 0.735
 1.391
 1.774
 2
 1.802
 1.513
 1.009
 0.397
 0
 0
 0
 0

# name: <cell-element>
# type: matrix
# rows: 256
# columns: 1
 0
 0
 0.01700002
 1.662
 0.491
 0
 0
 0
 0
 0
 0.251
 1.137
 1.371
 0.118
 0
 0
 0
 0
 0
 1.587
 1.823
 0.469
 0
 0
 0
 0.535
 1.864
 2
 2
 0.295
 0
 0
 0
 0
 0
 0.287
 1.864
 1.974
 1.512
 1.362
 1.362
 1.894
 2
 1.869
 1.006
 0.005999982
 0
 0
 0
 0
 0
 0
 0.346
 1.537
 1.884
 1.985
 2
 1.918
 1.12
 0.152
 0
 0
 0
 0
 0
 0
 0
 0
 0
 0
 0
 1.245
 2
 0.707
 0
 0
 0
 0
 0
 0
 0
 0
 0
 0
 0
 0
 0.409
 1.96
 1.928
 1.014
 1.333
 1.333
 0.82
 0.01899999
 0
 0
 0
 0
 0
 0
 0
 0.06400001
 1.691
 2
 2
 1.989
 1.913
 1.917
 2
 1.62
 0.156
 0
 0
 0
 0
 0
 0
 0.8129999999999999
 2
 1.91
 1.215
 0.42
 0
 0.014
 1.041
 2
 1.153
 0
 0
 0
 0
 0
 0
 0.618
 1.498
 0.411
 0
 0
 0
 0
 0.02899998
 1.623
 1.87
 0.1
 0
 0
 0
 0
 0
 0
 0
 0
 0
 0
 0
 0
 0
 0.989
 2
 0.258
 0
 0
 0
 0
 0
 0
 0
 0
 0
 0
 0
 0
 0
 1.233
 1.998
 0.339
 0
 0
 0
 0
 0
 0
 0
 0
 0
 0
 0
 0
 0.118
 1.755
 1.844
 0.01300001
 0
 0
 0
 0
 0
 0
 0
 0
 0
 0
 0
 0.01700002
 1.135
 1.999
 0.929
 0
 0.097
 0.904
 1.28
 1.565
 1.082
 0.373
 0.023
 0
 0.01499999
 0.359
 1.095
 1.82
 2
 1.534
 0
 0
 0
 0.154
 1.142
 1.869
 2
 2
 1.644
 1.71
 1.732
 2
 2
 1.997
 1.208
 0.09500003
 0
 0
 0
 0
 0
 0.08399999
 0.735
 1.391
 1.774
 2
 1.802
 1.513
 1.009
 0.397
 0
 0
 0
 0

# name: <cell-element>
# type: matrix
# rows: 256
# columns: 1
 0
 0
 0
 0
 0
 0
 0
 0
 0
 0
 0
 0
 0
 0
 0
 0
 0
 0
 0
 0
 0
 0
 0
 0
 0
 0
 0
 0
 0
 0
 0
 0
 0
 0
 0
 0
 0
 0
 0
 0
 0
 0
 0
 0
 0
 0
 0
 0
 0
 0
 0
 0
 0
 0
 0
 0
 0
 0
 0
 0
 0
 0
 0
 0
 0
 0
 0
 0
 0
 0
 0
 0
 0
 0
 0
 0
 0
 0
 0
 0
 0
 0
 0
 0
 0
 0
 0
 0
 0
 0
 0
 0
 0
 0
 0
 0
 0
 0
 0
 0
 0
 0
 0
 0
 0
 0
 0
 0
 0
 0
 0
 0
 0
 0
 0
 0
 0
 0
 0
 0
 0
 0
 0
 0
 0
 0
 0
 0
 0
 0
 0
 0
 0
 0
 0
 0
 0
 0
 0
 0
 0
 0
 0
 0
 0
 0
 0
 0
 0
 0
 0
 0
 0
 0
 0
 0
 0
 0
 0
 0
 0
 0
 0
 0
 0
 0
 0
 0
 0
 0
 0
 0
 0
 0
 0
 0
 0
 0
 0
 0
 0
 0
 0
 0
 0
 0
 0
 0
 0
 0
 0
 0
 0
 0
 0
 0
 0
 0
 0
 0
 0
 0
 0
 0
 0
 0
 0
 0
 0
 0
 0
 0
 0
 0
 0
 0
 0
 0
 0
 0
 0
 0
 0
 0
 0
 0
 0
 0
 0
 0
 0
 0
 0
 0
 0
 0
 0
 0
 0
 0
 0
 0
 0
 0
 0
 0
 0
 0
 0
 0
 0
 0
 0
 0
 0
 0

# name: <cell-element>
# type: string
# elements: 1
# length: 4
flin

# name: <cell-element>
# type: string
# elements: 1
# length: 5
dflin


# name: <cell-element>
# type: cell
# rows: 1
# columns: 5
# name: <cell-element>
# type: matrix
# rows: 5
# columns: 1
 -1.830437251693656
 -0.3160389343538347
 1.705586662737097
 -1.454210733363819
 -0.7891752025600253

# name: <cell-element>
# type: matrix
# rows: 5
# columns: 1
 -1.359785778194351
 -0.3185507886058058
 1.311088116418045
 -1.194514310914542
 -0.749745955945663

# name: <cell-element>
# type: matrix
# rows: 5
# columns: 257
 -0.05029048684518612 0.02595479921237873 0.05764552160892525 -0.0497174608461182 -0.01065178165015311 -0.04221118214603317 -0.008652805311183426 -0.07401114400956642 -0.08467926971391673 0.02972399244032001 -0.08627860468108534 -0.05244540519882673 -0.00355972588807358 0.1468061369046926 0.03707490480930096 -0.1014592522739192 0.02437714556057074 -0.04948679220370882 -0.01248926321831673 -0.04753636198855662 0.04295652738216878 0.01917492629596509 -0.09714528887160617 0.008134134008947223 -0.02902555559533078 0.01346805469872551 0.106015365242374 -0.0202462221970295 -0.06993600585292339 0.1192256750772007 0.09037561827446181 -0.1058931471496664 0.03821900434296683 -0.007143849599991017 0.03139448118627231 0.03158483805704697 0.02624092459132537 -0.03064353424581363 -0.06221192498269637 -0.03872697120841778 -0.03392941832452279 0.04166080425516588 0.04093383718275867 -0.06610913737829779 -0.1042492098326818 0.1854177984976415 -0.06109059304044422 0.06749929277062809 -0.03060759885673548 0.005479066257244753 -0.1333775000381096 0.1145117282940662 0.07097618255835313 -0.09917078395866223 -0.1159599612982308 0.08377322584423161 -0.02034553797984469 -0.1005936255227658 -0.08995590317965776 0.01207682501014022 -0.0862528395715387 -0.02267379210410601 -0.1032767573406727 -0.056592618906365 0.06882290341204768 -0.02825804471676881 -0.1355550131323727 -0.01553533328654219 -0.006092697323341038 0.09852130921468256 -0.04471734073043133 -0.07803169269639774 -0.04868151917010228 -0.1155996890702422 -0.1054557026975228 -0.0639505586826368 -0.05292108705339207 -0.005308032878057702 -0.05673475833222683 -0.006145966323323828 0.006506672465268424 -0.1006597153610388 -0.02262639206019943 0.04983994842490603 -0.07855237021284558 -0.03684064017508674 0.01220351445605623 -0.07884538740524757 -0.03416954503696604 0.05790964215891582 -0.07297194488137687 -0.04445770729939198 -0.09657287499439712 0.1857316518058837 -0.01961400178896217 -0.0224926199942855 0.01181972645682615 -0.007715344584881525 -0.1132968119113276 -0.0661916415023403 -0.09826500956061179 -0.03051702707656933 -0.102447159649859 0.0106351466334932 0.05402536711548038 -0.04607503729419777 0.02944132589916446 -0.1313461415395255 -0.02925737598694811 0.06677617535373985 -0.09232265962027944 -0.04419078717933633 0.08179601364909651 -0.05339931191140953 -0.07567783707826375 0.06902521852230872 -0.06279312213379315 0.02082541236896972 0.05455805131841814 -0.004250335859321814 0.01819276231176325 -0.1320116533736671 0.06875472862404297 0.002294429911909705 0.01708334084210773 0.002012537649019749 -0.03635107411071756 0.03396323938121069 0.01963767825860894 0.04042953343305613 -0.06310639444740146 -0.03960108032434174 -0.09373969804138101 -0.03437891843212861 0.05234565124034132 0.1037772588739154 -0.03676090450978269 -0.07803445336258304 0.06174841693647224 -0.08867132034478188 -0.01167424428016312 0.07161017492347251 0.00425602495545119 -0.05292832892429131 0.02579031981823392 0.0518179677373643 -0.04707155182546525 0.04789901404787084 0.107236744397373 0.03522351137946309 0.09818992707622562 -0.09269461103261417 0.1002618567683933 0.08374243809304369 0.07925498646971398 -0.03379858160724228 0.003094859418410463 -0.001586056812961663 -0.05674517685835673 -0.01912318636386741 0.08151524786769489 0.09218820652130835 -0.01720307475390997 0.008007939932397198 0.1477167789148131 -0.01278944587608944 -0.01832280380778344 -0.03092538064367851 -0.01183014962110714 0.1427632870254203 -0.01152184653876395 -0.02993403868938616 0.02452779231455265 0.03023333155873787 0.0334114054249643 0.02211898280524879 0.002150251500891314 0.04014598266698178 0.08278805416647488 -0.03755351297133483 0.04140626139329211 -0.07380074213075845 -0.03329206515735236 -0.06218072486437642 0.04466011334464845 -0.01376657566235181 0.1489335068505264 -0.03697607727599369 -0.06416318571422892 -0.06086479490584789 0.03870172547925747 -0.05608347307015486 -0.02756945789130167 0.02923809280876339 0.05801222663511198 -0.07001008277650628 0.09615500932610618 0.06982531677058082 -0.004311194074343014 0.06949453745390777 0.001486095677362165 -0.01789636833178515 -0.04478024949873095 -0.0435052019431725 -0.02208933581204121 0.06400904021574357 -0.03244353331288591 -0.0422825416256763 0.03833016784951685 0.03866328857570147 0.05986335519880595 -0.04244302215446939 0.02652372410217163 -0.1783474531759554 0.076632970156448 -0.002503542534006859 -0.02099254872106911 -0.04615817026557243 0.005113519617980017 -0.02205181942753401 -0.05419752073554159 0.02123726299647342 -0.05878617099832667 -0.01632259809857091 -0.01089689604478642 0.04406600377399617 -0.07107572813693037 0.05751899004558587 -0.01323938706902614 0.01227274902196919 -0.08346922021431684 0.02294247906284895 -0.03069768036110891 -0.08198899019532929 0.01113554977553488 -0.1105584300195073 0.0001871720085376248 -0.09491182081404639 0.006906434928132373 0.004557747104389547 -0.03299979475227771 -0.06808184757058856 0.03636254734462804 0.05616522208199799 0.1084959400442068 -0.02921175615930322 0.03958985920089617 0.07429119868535564 -0.01919671040336232 0.08599933796396318 0.02479731016982385 -0.08951600867359912 0.1008033420963642 -0.03405462868583058 0.02663118706110941 -0.04668992994017471 0.1063432915850794
 -0.110415212389579 0.08927052324228713 -0.0420824337640525 -0.03350937264010995 -0.04714642280643989 0.0364202017957032 -0.012542170696982 0.02174598252136857 -0.013900538593729 -0.02617594073373236 0.02171824243731775 -0.09438951065647799 -0.02458470323508091 -0.05245116664564642 0.0811402696377987 0.04363654696425046 -0.1003197504686506 0.1099924088992044 0.1037026129841929 0.02615536761404622 0.09504305424991959 0.03062298288438791 -0.006233137916820809 -0.02277206791306055 0.0480927947332226 0.01918003685193716 0.08359428707563812 -0.04210307408390784 0.0625571120922382 -0.03453111956350938 -0.02031396882033603 0.0005508050439965535 0.02096206527691333 -0.03477250037092691 -0.109414249774384 0.003814704248897055 -0.03259799055072581 0.08087562269348508 0.0051260499514102 -0.01148921937889976 0.01345145058571489 -0.0646123378022322 -0.05017642130122683 0.1002323992436969 -0.01560466141102579 -0.05921842466251303 -0.05345373987320195 0.05681932757624816 0.07280489004353503 0.04005747686509944 -0.01115868117967466 0.02703200270876509 -0.02919328433210623 0.04700002773928986 -0.02371313065246903 0.06461429054294643 0.01971477007818586 0.05778103965230249 0.005223880010487885 0.04407084545609358 0.068690072630205 0.009705836409021553 0.1408026146127721 -0.04058423257295046 -0.01629083737004003 0.06541506863053971 -0.07401343456986777 -0.0613310407378534 -0.06350156655258841 0.02201068377962549 -0.07590610431284167 0.02896554337364228 0.042370185891501 -0.04569458232790221 -0.05017297007499424 0.09158914141677808 0.03650941759918294 -0.02702525561356498 -0.06227062155648223 0.06594648252369839 -0.04484512811160664 -0.04674590371908435 0.1093839541630034 -0.1250986193626349 -0.0231617760934285 0.01000271799256082 -0.01911119693582718 -0.02930470109680553 -0.02538725389918325 0.108159192380977 -0.0516100211737309 -0.0992844835167068 0.08818520999198119 -0.005286683839466598 -0.07336419451987673 0.07323815010997484 -0.03562693654227266 -0.08242621012061747 0.05620441337603479 -0.0665830962043561 0.1005062238809189 -0.000910236546081936 -0.06940433008045878 -0.09324111935794763 0.0746381143434325 0.07745456721277796 -0.0189865761607554 -0.03130033392518669 -0.05365110841856694 0.01940209749890216 0.02373052214038448 0.02177210574005618 0.05397095095207442 -0.08747472528129473 0.06793307757558686 0.04699130962684748 -0.07578747283503695 -0.04041994662778653 0.01106141828385982 0.01067930371085853 0.002196665789864975 -0.1104972925828719 -0.01341652883628821 0.06212950998499649 0.08231540503733802 -0.03996966798812614 -0.03446120387846667 0.0797343095206938 -0.02657836311562152 0.02438286288431162 -0.05567401365441142 -0.06319054352644783 0.1087062969988266 0.03254236720043327 -0.02173152782856871 0.007435620528429668 -0.06415431670701789 -0.04111527768552759 0.03054564289344294 -0.03973320098770686 -0.04133756235735216 -0.1195683871255694 -0.02497767662647521 -0.07987688616420666 -0.06617535755785146 -0.04269708473479641 -0.01874384749282499 -0.02073701883113474 -0.03559109649171436 0.01449388434613353 -0.1486286012266785 -0.007981203174394496 -0.09348510248592336 0.01598613258033145 -0.05316001580554246 0.03929834056755532 -0.05559465636757403 -0.005728916581861978 0.05605903363134342 0.03782485313813812 -0.04299636563223335 -0.06643872839102469 -0.06159004349864021 0.03850532389158427 -0.05528505222753358 0.02702634020246863 -0.04151602431950471 -0.03472296668013411 0.03026655500071807 -0.06073085345145685 0.02798042562231506 -0.0313640682487942 0.06691942080885768 -0.01341640683079709 -0.06581818431233018 0.03792859488522145 0.0007904610152452753 0.09520267223686099 -0.03688280769581586 0.06844575039622204 0.003125311072166693 -0.1155411108822616 -0.001726733170778052 -0.00707671588561058 -0.002856092600738115 -0.04408285131225509 6.846090490001994e-05 -0.01283777797450813 -0.07018299839979095 0.01613984225741825 -0.001139967515644477 0.01520161751037515 0.0887930140570236 0.06235641704595332 -0.03013892746207765 -0.08537694477876077 -0.04002047347808389 -0.00424103962643997 0.03203998064821933 -0.03411577191256718 -0.09970293972678509 0.02051936668464964 0.01728464165023118 0.05648848835668475 -0.002015700031512428 0.08359447564332075 0.03432804161310087 0.01998489854863759 -0.01980378564615227 -0.07820088836480134 -0.07830768459269022 0.09582567706733688 -0.07775247755025901 0.01449480242383134 -0.02730328526704182 -0.010226580746607 -0.03039641018820585 0.05557807213582915 0.08509844475656057 -0.02891132179164906 -0.1002968411921109 -0.00441516935628526 -0.01392169281046132 -0.08054978244782492 0.01942998082729284 0.01313531725968467 -0.009662520859233154 -0.09884991974720786 -0.03471324428171821 0.005568126284198321 0.08591993590985982 -0.0202345301197445 -0.06400096890921848 -0.0707671120772963 -0.02715194890629304 -0.01256362508701309 0.005215620284201395 -0.02813882055356407 0.04489524913861156 0.0287591777012916 -0.1139236705273168 -0.02338743856363125 0.03670466694000282 0.02860488149047927 0.1332619039426983 -0.02205949431146021 -0.02261086918630187 0.05229239976895557 -0.05360636708737452 0.02760706242528004 -0.007684539040666592 0.03069261949034573 -0.06302996619545342 -0.05749093753351063 -0.001782484751778346 -0.08553103893299144 -0.1157585868906854
 0.0363682032711611 0.1003237736336995 -0.09656110455033295 -0.153887378002094 0.03715002395153612 0.1449980037782392 -0.0005570984100932858 -0.07733267223452298 0.005577110615631545 -0.007219289265964079 -0.07007756659736117 0.07480936341936112 -0.005156263583550601 0.01439861863288252 0.09467302827151712 0.01273680611261411 0.006621890839978101 0.05739599674949781 0.1636480581903393 0.07075805316879158 0.01199275654569375 -0.009600632256269418 -0.1099573884678772 -0.06694686528665714 0.1176233426789103 0.02742347304233205 0.06446526367582944 0.02060219064417008 0.06060922451440201 -0.02304354038928663 0.1055969132357235 0.1160599742991162 -0.01598972275058708 0.1271068444674185 0.0317135830417748 0.01122444455748812 0.02786090849054649 -0.02551438830701931 0.04087871497403682 -0.1032544757125458 0.01725760872998712 0.00898470029346138 -0.007689961426391313 -0.03716121998018519 0.08342019900335793 -0.02070804997838484 0.03970647961690538 0.07112740472936127 -0.05970932764530476 -0.00295508278913986 0.04044541893272236 -0.02157043681247814 0.03251267665993078 0.04499845006078881 -0.03779802058748216 0.02209767818085852 0.006442040304873707 0.1209185203614894 0.02395150240307417 -0.08551572760001999 -0.1106018465559733 0.04706984747211328 -0.06339771085539099 -0.0512996758473596 0.1330714506184176 -0.03064529380405162 0.08605830005304195 0.0366985303552007 0.02270296934080159 0.08276417240189481 -0.07034678515265565 0.1036500502824578 0.05618217174062898 0.09958621719615506 -0.03798490148489911 0.04039324653252378 -0.04872082704537396 0.06384594956983228 -0.1452657934977442 -0.03418242529696043 -0.08264965591852808 0.0923280082003833 -0.07578008087380489 -0.0179410156357236 0.04827306256352609 -0.1163171255986035 0.08688556973449203 0.1045626245643854 0.06113695859196621 -0.05525728185140055 -0.06224693777358783 0.07252650671385268 -0.1290658696929791 -0.03060018272294083 -0.1114599547783883 -0.01602710240027067 -0.03066966337844508 -0.0009574887688556163 -0.1127908258547177 0.08401840655841854 -0.02653229128697037 0.1139770920797865 -0.03098796226888465 0.0002085035380767321 0.001114301627758785 0.08377802923989729 -0.04023157194429985 -0.09381171347594564 0.01476291952572964 0.03586019486483449 0.08750652179327435 -0.06128917549428924 -0.02145544270203453 -0.009441939005719744 0.04409656958183981 -0.02009596205346025 -0.07010144958037802 -0.03302238311781495 0.03903843385381068 0.0869950557984296 0.02215358879851854 0.005352328852340812 0.08061742041859246 -0.00105196431216307 0.0749516336922393 -0.06091808898543665 -0.04740916906075952 0.0212995670993482 -0.09828835547469886 0.04017364069251263 0.05542060407887509 0.01587990061508513 0.1353486854997525 0.03079054585145709 0.05426349809089581 -0.02511445856050938 -0.0008244284484287891 -0.04041695559625344 0.1402879698506388 -0.08163650028791476 0.05087442943154505 0.01140665003651023 0.0004751961597560628 0.007706130081331262 0.0493095055648754 0.005347223473139259 -0.05378220081570385 -0.05087384543071973 -0.04624003659502544 -0.06081439808104776 0.027103588824291 0.1259970803976333 -0.02642065564222882 0.09007064441174363 0.1263765783752522 0.07396439673198783 0.1018594428573869 0.04347130721229996 0.0743736631297867 0.02988682303678272 0.06403822147976757 0.014243193398418 0.0114293120636586 -0.1333579738101402 0.05207692705417849 -0.04840196889784735 -0.01262491635016438 -0.09818569242602732 -0.05932992162051044 0.01470221456109762 0.04427669473318743 0.01740454055654241 -0.005229165248596712 -0.06143729061855833 0.03912181194143168 -0.04612972895001204 -0.02931342615936589 0.1214601403915367 0.04791667163686922 0.01821574728080111 0.05582511361343684 0.005382021147378077 0.007837319429666983 0.06680176256099943 0.02387466399377122 0.102453853283674 0.01492821466645155 0.07222747648819897 0.002463154171593098 0.005028031787894354 0.03024927355138142 -0.08767693041421952 0.02761918409618189 0.07840745917299317 0.05054761873923951 0.05069051848200527 0.02030409579179826 -0.03240239458769335 -0.03287724166869258 0.1507623796393288 0.1465865479120944 0.1546593081606618 0.01303238678487032 -0.04272415328167985 0.02295842123387185 -0.01081684611766248 0.04707784110777984 -0.04308421881043874 0.04246130508854667 0.001286487318149533 -0.01992077986554031 -0.1114647004861387 0.003342135289223778 -0.01359684341652306 0.07744504657769787 -0.08829126898005281 -0.07890464768178207 0.04938563955198909 -0.02305315966940991 0.05234867082722439 -0.04243808661350949 0.03350266579815592 0.1543874245011274 -0.0522035018305609 -0.03887021189347278 0.04643566713780323 0.01967128424785048 -0.01697109027804072 0.0166329166626829 0.04830817143530095 0.07399077327317105 -0.05757190245518969 0.008016970791587457 0.002896346170090587 0.100189113234322 -0.02224229114991972 0.07564749990965056 0.03977839462107688 -0.01801102163481471 0.01031401258186546 -0.09860575258655468 -0.0291356478791289 -0.04760065930756023 0.02688340602115813 0.0686289177793399 0.04192141210734345 0.0009506676790460694 -0.06328398593831892 0.01491412591081141 -0.03667415208685788 0.08530157028711413 0.002547527834604796 0.01942115533594866 -0.02914418362643653 -0.05244672195501952 -0.0416283504165053 0.0989179419086656
 -0.1170239586313753 -0.01807107499993348 -0.04989774166267794 -0.04805419051087773 -0.02155420958329615 0.1394994231238104 -0.01099743083047671 -0.01888760002768448 -0.05823342137328497 0.06960832113197271 -0.0741271530920964 -0.09140679655963764 -0.01393161756103749 0.04031099549278126 -0.07571619126829461 -0.03836927187071874 0.01556788697065286 0.07798206449429752 0.02841899704650693 0.08044040526577149 0.1157415913383187 0.05086628019593265 0.07581779946615849 -0.06714680175909273 -0.02109500317472624 -0.09988271166757851 0.03806214494244112 -0.0303609469994373 -0.1028773373049805 0.008545292979726008 0.007277393234493028 0.06126374459539091 -0.01317085818160258 0.03668347311992433 -0.002029530456149345 -0.08807252781781318 0.02181804909074827 0.04595464238770383 -0.06779976047869229 0.0929973940115284 -0.05040039123576328 -0.02537414939950966 -0.1007563668340033 -0.04839239603692565 0.04410283928779869 -0.01169498114102752 -0.04302062231963112 0.0394829526332345 0.1417812924127539 -0.06984558221863232 -0.07827782094806263 -0.06700411710299295 0.01795832164937419 -0.04472972988187333 0.004043568551041889 -0.02451220445192524 -0.03433960723090935 -0.1280828939272601 -0.05474810172325009 0.02485735491160719 0.01273747745301604 0.02304891870140222 -0.09337476699267212 0.06636300592104914 0.09311328275865337 -0.01831044289215687 0.006776408890456133 -0.008637443547443452 -0.1069495342360015 0.09324598237316473 -0.05795964801790705 0.08746922417217083 0.01548391928570623 0.01206105799139296 -0.03804024986099691 0.02725719714375678 -0.06893606619110004 0.01569109878721115 0.02192949477329284 -0.02528927442354565 0.06031930402217615 0.0184958870828836 -0.04383267223957301 -0.0680713090766705 -0.1234417570006672 -0.06429929048307462 0.02702089374238019 -0.05614928538935478 -0.1089474342544862 0.04952621787086772 0.07708478449189281 0.03299611106388604 0.1171196583643366 -0.02647665761592008 0.03447999953555563 0.0954933732126592 0.02974057054803414 -0.06246419018601537 -0.0404136094347589 -0.02594724467094208 -0.0561323891762141 0.04858752251797375 -0.01960188330773791 0.01546732380593369 -0.03974445145206316 0.02583459417520835 -0.03593841849151037 -0.02351357355498778 0.02782217283225338 0.1378892833833141 -0.0695117678962353 0.09361509448142588 -0.09133672366250116 -0.1135616486137498 -0.002357093584077472 -0.09045191820701041 0.06358210528594868 0.04707594219241089 0.01870359563008474 -0.0009886329042376233 -0.009044432497090542 0.00109650150630893 0.007515829136427514 0.03275700053755533 -0.02906124461621514 -0.001511458900645255 0.003207342347144452 0.04814160462393654 0.07597287650229813 -0.07346754824563365 -0.02867865259540417 -0.1061039402638044 -0.04065250221116064 -0.03962108304374026 -0.03700245876383235 -0.01894859646269142 -0.0752134974388431 0.06225040209272706 0.01330388948923493 -0.02837576313580555 -0.005610321472308905 0.01402362423968102 0.00825456665856837 -0.02015458936298122 0.07746998882452359 0.008860580169044672 -0.1457917463925959 0.1457299279723553 -0.009777926496137247 -0.02124340654462826 0.08654260916294276 -0.01032077959658335 -0.03879495781545918 -0.0377631098407357 -0.08572543513738778 -0.03696462112341008 -0.03919338003589774 -0.02246871986877919 0.01033575336833185 -0.0633428933984498 0.06320888297261773 -0.06781478414230875 -0.01021049833086538 -0.02491427132690729 -0.0350335515629414 0.04310558751378607 -0.05074514076696959 -0.05220357800675267 0.02085062143325958 -0.05640291237592067 0.0289873086594469 0.03956372569540174 0.03930141620281093 -0.09801555274775894 -0.1417978824691175 0.07002203401489294 0.04233397025431145 -0.02089523434383123 0.001016776023311141 -0.05389207272078348 -0.1286044680739934 -0.04580068603385222 -0.01266249048530885 -0.04529393365187305 -0.06259976296990942 0.03729736089924164 -0.06172928083006202 -0.08717418093652179 -0.1460409755504742 0.1274874220681248 0.03095875831076796 -0.03098547042271739 0.06461572313333795 0.02142623708163229 -0.02545611429803428 0.07609410808033686 -0.03033207062497208 0.07102509435148703 0.0505420008284649 -0.0366786182282836 -0.0114420801436224 -0.07952660453907784 0.01639532966148821 0.09740103663984931 -0.07659160698661253 0.003228609115032691 -0.0006708415899677368 0.06530692768288361 -0.01072454958132711 -0.06626882209741128 -0.05736248276809681 -0.001564092436323158 -0.1128855147861762 -0.129238214464271 -0.0755074745564077 0.03033155023935978 -0.02652248937928885 0.04636863661824125 0.09494787599578809 -0.05632109785304514 -0.08642592981184631 0.06257415407749534 -0.1267990323349437 0.1293636056602937 -0.0965943711652304 -0.1020954870265712 0.05420462307859401 0.05354027004457355 -0.0005722573748798599 0.05566593280957628 0.08317504565295412 -0.1543708733341228 -0.03856812490721411 -0.023291930144168 -0.0444464727020399 0.006783062408833943 -0.08029639841409572 0.1264567345783165 0.06547422950343756 0.01782084883832049 -0.02615417802467563 0.04025639124260368 -0.01560151179400728 -0.141835422578292 -0.1223705839806645 -0.07365873632660946 -0.01936814588885557 -0.06521110581047404 0.0206548515897421 0.014027441350124 -0.04331520701509242 -0.02447009779825413 0.03471289952906292 -0.1242535173681973 -0.07894239392568508 0.06378772045130686 -0.1305956820532604
 -0.1224051951425899 -0.02063093939667422 -0.03538963631348347 0.01398441075282153 0.0323891839232119 -0.06213660020247035 -0.07793621291219023 0.01420491454096674 0.06298361009350491 0.007979867186762083 0.02372543420071349 0.01786978834499271 -0.08198501274423622 0.00627245290095572 0.01463010591090999 -0.04338816982172514 0.0309696004397812 -0.08100441477912083 0.1455762115905211 -0.1365980980810837 -0.008586835752240837 0.0402613778687174 -0.1256082592875254 0.1605729108247233 -0.01389649905763806 -0.008095441737633014 0.03837637195212981 -0.0477444535306845 0.06770388497119896 -0.1015021846927219 -0.04178485079590184 -0.001223681851504109 -0.01815928998430456 -0.01453664263786611 -0.05060705283756696 -0.04549776344615276 0.1010834351138905 -0.04297905053899502 -0.05407327281201883 0.05436284077133458 0.003982265204559431 0.03896266809733995 -0.01743601910414338 -0.04221723144926295 0.05601908432331185 0.02872625533358441 0.04410475543716521 -0.1016191219298108 -0.0117022083467409 -0.007833877941611977 0.02558037881320443 0.01574261360731664 -0.05132442669612355 -0.07072301360935379 0.05460982167182311 0.08647439314686463 -0.03271398134333822 -0.01496565558624459 -0.1017810029937692 -0.04686610652845116 0.02382658894221059 -0.009632743447022314 -0.03634611665459859 0.01270932719217547 -0.1227572287465525 -0.04730327394194211 0.02202606087822945 0.01016145364024224 0.04167510889582398 -0.009649555243463913 -0.05470222746429505 -0.02560119532097154 -0.163619935487965 0.01048953772708254 0.08645659760316034 0.01872947711448479 0.03988011774495093 0.01917753144148738 0.06781665828340926 0.1016074683811511 0.1152586346770462 -0.07783058736048995 -0.0121035319969729 -0.01298757812558459 0.008146536141036144 0.007593302925668919 -0.172000535495711 0.06289270774073256 0.06718765624547766 0.1364269171372347 -0.05192120352474147 0.02311290271419486 0.01779945721304087 -0.0516489777121889 0.02579529812559104 0.01490739879407986 0.06423325093858008 -0.01918931370707619 -0.04494865052928245 -0.05292600441287234 0.06463265128579615 -0.04329830814086615 0.008730688223081885 -0.08449188044926702 -0.05136934882626012 -0.05886761038850387 0.1154042571221864 -0.006992446954923107 -0.05383692128709143 0.07590205453292413 -0.01932003089966679 -0.03045919274183818 0.04912725320114885 -0.133300188008812 -0.04996587335634136 -0.07223087991105943 0.08390666987963144 -0.05117288741500021 -0.0157219230610768 0.01405498146948738 0.07144883205521198 -0.07872605550392121 0.09858928121298779 -0.1341265000332062 -0.03494511257761371 0.07496582354042486 -0.04089806972470081 -0.05185905127663102 -0.008969565480376874 0.02850562992976705 0.07133502414122568 0.03502695477245193 -0.02152941858673065 0.05713912162781423 -0.00985784346919779 -0.06666099363065144 0.0247988415163152 -0.05793464208168964 -0.05109919188876383 0.05653301605755178 0.03036797399728881 -0.09195003507875477 0.01435157700380179 -0.08303820667234288 0.07254023539684744 0.01338939681409389 0.07785669124799548 -0.02736189773824644 0.08413217478393475 -0.02337889673575449 -0.008721870621322474 -0.1706546556853827 -0.03433157958647245 0.04623732722101011 -0.01711146621190453 -0.04173918192256947 -0.0438731388078502 -0.06311887521122232 -0.02681364103938974 0.02184758889591406 -0.05108860739172386 0.008149803225036644 -0.04510448401330448 -0.02010414021687921 0.002308503739341243 -0.02701084620211283 0.1188962984723676 0.03136842099240665 -0.0003009234311893104 -0.02114748279459934 -0.0233101392858505 -0.08071784926922997 0.1571423705591155 -0.01549765791635953 0.04350059694988969 0.09229585520943703 0.003610200726639656 -0.007265403457127557 -0.03342951650796089 -0.001549549130639078 -0.0001052955702696034 -0.07738979483336397 -0.01486192604187873 -0.08350949434250163 0.05148496846913266 -0.00814069880438625 0.03038461334213523 -0.02886007195136467 0.02481347383049262 -0.03326945809135116 -0.1006792357730012 -0.04506673300553828 0.02819323870972258 -0.0552893615020895 -0.08736321755453891 0.006727134351328274 0.01458120392800625 -0.009509044844749816 -0.01778548923713361 0.08636488433029739 -0.09682231480449213 -0.1031161061416639 0.04271699578191079 -0.01063539094428029 -0.0564548294766627 0.07050773685670148 -0.00649551743691744 0.01808185318341618 0.02069908127365551 -0.04927272831581361 0.002249841962216693 -0.02328757179768803 -0.03192289976659023 -0.0475497709237668 -0.01521443963661148 -0.04979366408185236 0.1084197311861447 -0.05064250552854623 0.01609265127035306 -0.006174925286100977 -0.03702363626112228 0.07546490807367914 -0.04181668934120443 -0.02779248393212787 0.05391579420530231 -0.0333628111669113 0.03360732920904986 -0.04158560247174967 -0.03355931687786406 -0.0676499287443709 -0.00185891765216411 0.0247091072487716 -0.03797019582699068 0.002531294984972623 -0.05960149871280408 -0.03641247241315082 0.05334498446957932 -0.0237542873779849 0.003794210538503278 -0.01003280907961981 0.1331651856790027 0.06266074767747806 -0.04511746838090354 -0.1069875603123222 0.08080490557087559 -0.04544343806209747 0.05768568445014388 -0.003414293201352609 0.02623558078944982 0.04232202545117549 0.03789208802317066 -0.0569539642044672 -0.005397375166923054 -0.05672439994601484 0.1019729955465937 -0.08256285023708411 0.06155650489613483

# name: <cell-element>
# type: string
# elements: 1
# length: 5
f_ccs

# name: <cell-element>
# type: string
# elements: 1
# length: 6
df_ccs


# name: <cell-element>
# type: cell
# rows: 1
# columns: 5
# name: <cell-element>
# type: matrix
# rows: 10
# columns: 1
 0.04271733008982243
 0.06474739571488315
 0.443262482230895
 0.1062425866243149
 0.416451675114363
 -0.1432792926664372
 0.1149507763589708
 -0.1429255933682145
 0.1659097544443051
 0.09248429800022656

# name: <cell-element>
# type: matrix
# rows: 10
# columns: 1
 0.04271733008982243
 0.06474739571488315
 0.443262482230895
 0.1062425866243149
 0.416451675114363
 -0.1432792926664372
 0.1149507763589708
 -0.1429255933682145
 0.1659097544443051
 0.09248429800022656

# name: <cell-element>
# type: matrix
# rows: 10
# columns: 6
 0.3229496010864837 0.1300218492021575 -0.06455808418627974 0.2806475252193775 0.01938950560663908 0.6259442097431706
 0.08778825496917078 0.04658381224543724 -0.1328770347732892 -0.1877748962699954 0.05004311711992503 -0.4043596611832782
 -0.3729505588329244 -0.2946862166908152 0.6719532985423398 0.387465944108224 -0.1429550249106495 0.05675034809247924
 0.6288394172599425 -0.1573414403974404 -0.3819211709167745 0.128061090954772 1.02571343601303 -0.2638894506713462
 -1.436796520266798 -0.3391950983559517 0.6347106923240198 0.7347993629156508 -0.3451253101344365 -0.2848651320462341
 0.2438270969169272 0.6158828832602338 -0.02036047953317087 -0.325006575225892 -0.5527782793135435 -0.2819642607071674
 0.5653304200962751 0.4917300668742094 0.5143619402246375 0.1146746484815289 -0.3189459429952083 0.2008562039252587
 0.1573602212740396 -0.1250235897646328 -0.7579428972382807 -0.1767561303220898 0.1501794735903737 0.3986549537819245
 0.02468837649422628 -0.4157031290549237 -0.2729459508378257 0.4885055605626749 0.4729656650348013 0.7849160649390495
 0.09230225270123758 0.08974241547017861 0.3508368916612616 -0.6243767619316795 -0.8091747957856122 -0.1132482110452467

# name: <cell-element>
# type: string
# elements: 1
# length: 9
f_sorties

# name: <cell-element>
# type: string
# elements: 1
# length: 10
df_sorties


