# Created by Octave 3.0.1, Sun Mar 22 17:35:07 2009 CET <artieres@artieres-laptop>
# name: pmc
# type: cell
# rows: 1
# columns: 3
# name: <cell-element>
# type: cell
# rows: 1
# columns: 5
# name: <cell-element>
# type: matrix
# rows: 256
# columns: 1
 0
 0
 0
 0
 0
 0
 0.188
 1.959
 1.909
 0.9320000000000001
 0.8149999999999999
 0.276
 0
 0
 0
 0
 0
 0
 0
 0
 0
 0
 0.238
 1.798
 2
 2
 2
 0.9409999999999999
 0
 0
 0
 0
 0
 0
 0
 0
 0
 0.506
 1.921
 2
 2
 2
 1.946
 1.26
 0
 0
 0
 0
 0
 0
 0
 0
 0
 1.194
 2
 2
 1.989
 1.591
 0.182
 0
 0
 0
 0
 0
 0
 0
 0
 0
 0
 0.973
 2
 1.822
 0.67
 0
 0
 0
 0
 0
 0
 0
 0
 0
 0
 0
 0
 0.599
 2
 1.549
 0
 0
 0
 0
 0
 0
 0
 0
 0
 0
 0
 0
 0
 0.211
 1.904
 1.951
 0.543
 0
 0
 0
 0
 0
 0
 0
 0
 0
 0
 0
 0
 0
 0.573
 1.982
 1.918
 0.268
 0
 0
 0
 0
 0
 0
 0
 0
 0
 0
 0
 0
 0
 0.826
 1.973
 1.482
 0.04400003
 0
 0
 0
 0
 0
 0
 0
 0
 0
 0
 0
 0
 0
 0.9320000000000001
 2
 0.734
 0
 0
 0
 0
 0
 0
 0
 0
 0
 0
 0
 0
 0
 0.04000002
 1.749
 1.578
 0.01300001
 0
 0
 0
 0
 0
 0
 0
 0.166
 1.24
 0.438
 0
 0
 0
 0.581
 2
 0.975
 0
 0
 0
 0
 0
 0
 0
 0.497
 2
 1.925
 0.231
 0
 0
 0.07700002
 1.976
 1.733
 0.09899998
 0
 0
 0
 0
 0
 0
 0.083
 1.645
 2
 1.673
 1.334
 1.334
 1.624
 1.995
 2
 0.469
 0
 0
 0
 0
 0
 0
 0
 0.47
 1.829
 2
 2
 2
 2
 2
 1.772
 0.215
 0
 0
 0
 0
 0
 0
 0
 0
 0.278
 1.496
 2
 2
 1.998
 1.145
 0.366
 0
 0
 0
 0

# name: <cell-element>
# type: matrix
# rows: 256
# columns: 1
 0
 0
 0
 0
 0
 0
 0.188
 1.959
 1.909
 0.9320000000000001
 0.8149999999999999
 0.276
 0
 0
 0
 0
 0
 0
 0
 0
 0
 0
 0.238
 1.798
 2
 2
 2
 0.9409999999999999
 0
 0
 0
 0
 0
 0
 0
 0
 0
 0.506
 1.921
 2
 2
 2
 1.946
 1.26
 0
 0
 0
 0
 0
 0
 0
 0
 0
 1.194
 2
 2
 1.989
 1.591
 0.182
 0
 0
 0
 0
 0
 0
 0
 0
 0
 0
 0.973
 2
 1.822
 0.67
 0
 0
 0
 0
 0
 0
 0
 0
 0
 0
 0
 0
 0.599
 2
 1.549
 0
 0
 0
 0
 0
 0
 0
 0
 0
 0
 0
 0
 0
 0.211
 1.904
 1.951
 0.543
 0
 0
 0
 0
 0
 0
 0
 0
 0
 0
 0
 0
 0
 0.573
 1.982
 1.918
 0.268
 0
 0
 0
 0
 0
 0
 0
 0
 0
 0
 0
 0
 0
 0.826
 1.973
 1.482
 0.04400003
 0
 0
 0
 0
 0
 0
 0
 0
 0
 0
 0
 0
 0
 0.9320000000000001
 2
 0.734
 0
 0
 0
 0
 0
 0
 0
 0
 0
 0
 0
 0
 0
 0.04000002
 1.749
 1.578
 0.01300001
 0
 0
 0
 0
 0
 0
 0
 0.166
 1.24
 0.438
 0
 0
 0
 0.581
 2
 0.975
 0
 0
 0
 0
 0
 0
 0
 0.497
 2
 1.925
 0.231
 0
 0
 0.07700002
 1.976
 1.733
 0.09899998
 0
 0
 0
 0
 0
 0
 0.083
 1.645
 2
 1.673
 1.334
 1.334
 1.624
 1.995
 2
 0.469
 0
 0
 0
 0
 0
 0
 0
 0.47
 1.829
 2
 2
 2
 2
 2
 1.772
 0.215
 0
 0
 0
 0
 0
 0
 0
 0
 0.278
 1.496
 2
 2
 1.998
 1.145
 0.366
 0
 0
 0
 0

# name: <cell-element>
# type: matrix
# rows: 256
# columns: 1
 0
 0
 0
 0
 0
 0
 0
 0
 0
 0
 0
 0
 0
 0
 0
 0
 0
 0
 0
 0
 0
 0
 0
 0
 0
 0
 0
 0
 0
 0
 0
 0
 0
 0
 0
 0
 0
 0
 0
 0
 0
 0
 0
 0
 0
 0
 0
 0
 0
 0
 0
 0
 0
 0
 0
 0
 0
 0
 0
 0
 0
 0
 0
 0
 0
 0
 0
 0
 0
 0
 0
 0
 0
 0
 0
 0
 0
 0
 0
 0
 0
 0
 0
 0
 0
 0
 0
 0
 0
 0
 0
 0
 0
 0
 0
 0
 0
 0
 0
 0
 0
 0
 0
 0
 0
 0
 0
 0
 0
 0
 0
 0
 0
 0
 0
 0
 0
 0
 0
 0
 0
 0
 0
 0
 0
 0
 0
 0
 0
 0
 0
 0
 0
 0
 0
 0
 0
 0
 0
 0
 0
 0
 0
 0
 0
 0
 0
 0
 0
 0
 0
 0
 0
 0
 0
 0
 0
 0
 0
 0
 0
 0
 0
 0
 0
 0
 0
 0
 0
 0
 0
 0
 0
 0
 0
 0
 0
 0
 0
 0
 0
 0
 0
 0
 0
 0
 0
 0
 0
 0
 0
 0
 0
 0
 0
 0
 0
 0
 0
 0
 0
 0
 0
 0
 0
 0
 0
 0
 0
 0
 0
 0
 0
 0
 0
 0
 0
 0
 0
 0
 0
 0
 0
 0
 0
 0
 0
 0
 0
 0
 0
 0
 0
 0
 0
 0
 0
 0
 0
 0
 0
 0
 0
 0
 0
 0
 0
 0
 0
 0
 0
 0
 0
 0
 0
 0

# name: <cell-element>
# type: string
# elements: 1
# length: 4
flin

# name: <cell-element>
# type: string
# elements: 1
# length: 5
dflin


# name: <cell-element>
# type: cell
# rows: 1
# columns: 5
# name: <cell-element>
# type: matrix
# rows: 5
# columns: 1
 2.975373470733707
 2.33624781605745
 -2.722614444875301
 -1.225800345521521
 1.374134096337073

# name: <cell-element>
# type: matrix
# rows: 5
# columns: 1
 1.606932219359634
 1.50573938005504
 -1.575165802160119
 -1.064891289477627
 1.151751923525062

# name: <cell-element>
# type: matrix
# rows: 5
# columns: 257
 0.0351122699631752 0.1208501038212673 0.007748840787808408 0.08044331767648361 0.07384271512595207 -0.07353457381072566 -0.05222044729856897 0.1507232163600563 0.1337528763791021 0.0915927747434271 -0.02620721427974219 0.07526824849412725 0.03347376628533368 0.1522603737814908 0.03640317233027256 0.003412450111663016 0.06640910683615445 -0.01176924297942995 0.05484078910922246 0.03624535862635429 0.1137945295509702 -0.03016240381975313 0.06730187091578721 0.277808045340736 0.1517905614824348 0.1636590392103283 -0.002661015897333173 0.2108972145611101 -0.01500827283758504 -0.02385981878133871 -0.03585095441096098 -0.001763874690781246 -0.02072019537668445 -0.06067360054336251 0.04683647632299626 0.01269779856826982 0.007917669382841802 -0.06462038158940683 -0.06222786938498814 0.1122545252802898 0.1567020636937345 0.09899438242523255 0.06042786721446777 0.1598239375408559 0.03944662324764837 0.007483376459035063 -0.0277696637146712 0.04142715174560926 0.09358164586202448 -0.003162041829021228 0.02733703876629818 0.1199461083082292 -0.08485638130611853 0.01851860020141744 0.01969467132240785 -0.001456878039256042 0.03455096058089177 0.09316883818080691 0.2218478650457761 0.1578740874350765 0.1190947652556496 0.1082744955622061 0.02092391085473412 0.02611698689789103 0.01860609181973701 -0.01032611925460146 0.01433083218644523 0.1134300146037331 0.08715189774891866 -0.01359178340431846 -0.2343971370695888 -0.05305468752819052 -0.07150355508262476 0.04971239151248332 -0.021076790115469 0.001136374312568114 0.02588962076944386 0.0975767192887512 0.02025064384138092 -0.01383029387214841 -0.04822432545578959 -0.02223664564680196 -0.06423945964148041 0.07936469476644792 0.2105314841401366 0.01244640250284015 -0.073593386332945 0.05046533548444875 -0.08148725914091025 0.06054299836772294 -0.0393381847715115 -0.02511583749825123 0.0365408496848591 -0.04363914175213933 0.05873454813003158 0.09772928199910054 -0.008631508568649242 -0.0613272248049426 -0.1569929865330988 0.08369051158469276 0.105137915368984 -0.08308685892464537 -0.07955319350073294 -0.07516483745792207 -0.08917568120596785 0.02456169734330128 -0.05204803386417952 0.0899311653958146 0.04537728412073685 -0.03107878347522097 0.02169421174660259 0.08606019393955083 0.084771699744778 -0.0146107448170319 0.09373672078671283 -0.01169898479183431 -0.07816606182840308 0.05636929139778456 -0.03729790380528763 -0.04499940156842074 0.01076992006023513 0.112382979476421 0.08129279836923545 0.02020792864415373 -0.07477506934357633 -0.03777500581054073 -0.005535952517969856 0.02050227873345012 0.0272528816648745 -0.008961144384357409 -0.04657855290963865 0.05886872463223621 -0.06013121500406881 -0.04546521929814863 -0.1696903336080865 -0.09065767492014982 -0.0265803565818295 -0.03100534591381276 -0.05787248197249142 0.04618239352006028 0.08038293011984 0.001995377616388569 -0.03203418677335989 -0.05762468091361062 -0.02921758314437263 -0.05394007638889402 0.02869801858156001 0.0942296629440187 -0.05686954062451273 -0.01352356577285838 -0.007973577152204375 0.03770478715985174 0.09166830543509603 0.0007626089726531557 0.003235511740278574 -0.06044458476890335 0.0981672997987099 -0.1014778756290837 -0.03103775217837074 0.0077548009245884 -0.09871065797677404 -0.1475386002863089 0.05451471822499189 0.06664207915263655 -0.05227490297118561 0.04776631881934145 0.08550119074551393 0.04260993818736788 0.06582481945881438 -0.03453433546248837 -0.04613625943522007 -0.1724002761473606 -0.005324337673608211 -0.05678862826410457 0.06423028100559791 -0.132474115922015 -0.008998726968989325 0.0137353258087934 -0.005666249301035738 0.001015130170679664 -0.01147372452824134 0.05434760789629915 0.01725127460808749 0.04572856371505479 -0.03556050606242232 -0.03452463744961507 0.08518306422503291 0.08429117596164318 0.04722404994185832 -0.08421151582022467 0.06216635279346071 -0.123273924599736 -0.08411380893974797 -0.02609290061509188 -0.05101299862649877 -0.1437780075589351 -0.05638014082277836 0.0109903441957995 -0.09487047177872798 -0.04374158565807072 -0.001679483111082076 0.1011754775832363 0.1251647043280707 0.01845762818583513 -0.007685569385249794 0.01890675844889625 0.06668694344134891 -0.0007002516123629286 0.01458213261959965 -0.02640003253814982 -0.1070778983773686 0.04372630598059142 -0.05987563084738779 -0.04171515195810862 0.03204459184363898 0.006234285008598441 0.1181213670561483 0.04717972624826479 0.02433316386876815 -0.03546248164314739 -0.08788974344036246 -0.04854399168564359 0.08429914826717874 0.02489237933145359 0.04465753095407844 0.02674935049237821 -0.059343302574952 -0.07750638468364329 -0.06993504484789688 -0.07476433577047109 -0.0842490667572096 0.006138415930664753 0.1109868116383877 0.08880628239371444 0.0188807577698764 0.03337617665052528 0.009747788089742042 -0.008906908322864367 0.06069710182300772 0.006722069236744925 0.01380211395100223 0.05147334037075767 0.02424853187277365 -0.01965412847740906 0.0235785293467361 -0.06548595194774316 -0.05789513731903417 -0.1034067190230519 -0.01496050778194116 0.0632619975490913 0.06843753431349651 0.03002977368657445 0.0860896335734401 0.07503917157885845 0.09489650995341199 0.07534163164416027 0.1274992108607651
 0.08003846483882229 0.0727641852786249 0.04671839457346816 -0.01532733269570915 0.04127384860406721 0.09888680600638944 0.1159762746020886 -0.05925698842572327 0.1158671194542193 -0.03395736377659297 0.02357616810912555 -0.1735714934300293 -0.05768638560611718 0.001278159557898848 -0.002421726486264938 -0.1092847070622107 -0.05887060365764945 0.02155913946041086 -0.131243389663792 0.04489030407212047 0.04777243463805737 0.0857954172480781 -0.004694115601565334 -0.02825780214792619 0.06114510796681735 -0.07933140819883998 -0.04673985830319646 -0.02526794020114612 -0.06120733704102778 -0.04667118725356653 -0.1503002069750236 -0.0127475301510638 -0.156008267485651 -0.005977995823733907 0.1115904646766711 0.01695472822331871 -0.00767140557662653 0.003398452700815735 0.1090778874664385 0.01839443885044829 -0.08571382673889073 -0.030971467216139 0.07340815921555277 -0.08975417397289388 0.03080518925962895 0.01188792443146644 0.1170434791085865 0.08392904659652459 0.02190888138557086 -0.1302953091737113 -0.1210845422843788 -0.1051949285522978 -0.05412648426423909 -0.005672768628454995 -0.0641105551562306 0.1059460086101782 0.02532337964390841 -0.09802039272589194 -0.01607638843650564 0.07340527476617474 0.0510053310166283 0.07222788355804587 0.1205475922169137 -0.01887617432683544 -0.0408781334173561 -0.1148117041005885 -0.02848697459974943 0.009875976500003726 -0.002041317605797275 0.09267175611101956 -0.02874341564516365 0.009770045438567018 0.03439807714122192 -0.07938050486520856 -0.005896176524447375 -0.08394253744934341 -0.05522536870746884 -0.005013242235442748 0.06425619795536337 0.03318264818911591 0.1188051826613939 0.08132693059470662 -0.1211690611217831 0.1106582762211893 0.07833200665676042 -0.05016232010287264 -0.05704442809536066 -0.02996599503158935 -0.009525391727204697 0.113860767071211 -0.02642918536965014 0.07478041858702025 -0.01012978939374426 0.05689670131771601 -0.09113673590465493 0.06193427707005939 -0.08688250442200141 -0.02466315188474059 -0.05379904784377402 0.03928928215774159 0.06072562081902349 0.01836147973038785 -0.06218210995872066 -0.006590644717107958 -0.01627102228531553 0.03037846124795454 0.07835611750535353 -0.05880578199216735 0.1357050530235446 0.1280424695198749 0.07848899315306579 0.04718060419150293 0.09290613005227066 -0.02431802673477175 -0.05907972583759611 0.1170975528636839 0.05808334490156036 0.01254897586762502 -0.1007303171276693 -0.04910801824702752 -0.04032114976996667 0.06711514432224647 0.09721130961502569 -0.0006181111422391682 0.05368817923188728 0.2243893338280505 -0.05551601794242213 -0.03524246758586597 0.05050927539219131 -0.1139330157756489 0.01514165262515925 -0.07352255009870776 0.01491895295872986 0.07156368176044367 0.05310690377012474 0.007310602834981746 0.1633907648426801 -0.07887178239585481 0.1392840802340111 0.07899898746134973 0.06367752464656887 0.0001642152730381522 -0.03539699110133035 0.1517215785413018 0.04431972855145213 0.09767139926099228 0.087936658490229 -0.03929015380425712 0.02850565677414677 0.09219334134268621 0.04065527495631227 0.1101979252590628 0.01210368404536948 0.05506969423991592 0.101967881224454 -0.1266942949192198 -0.04015903207051724 -0.0729933481396976 0.006360750982106954 0.007795206537006012 0.06638116218399213 0.05882847028637653 -0.04790359311462607 -0.02117888882810844 -0.04835306135573546 -0.01610710731501879 -0.03779751512638827 0.1329081439533893 0.2509515962995056 0.2780324236788113 0.1035702200365098 -0.006246173879917768 -0.03139141673904416 -0.09001504426124624 -0.1350534087643018 0.1564321673978301 -0.03379602329339846 -0.02276643901497935 0.01811991906165726 -0.06281772369710009 0.07235479485943483 0.03667171055514165 -0.0002549695614456736 0.1325770425764843 0.2769575440566107 0.2857065223769191 0.1593600001849023 0.01581129364896608 -0.09424439538595281 0.01944776642820722 0.001083460431740528 0.005885630257292951 0.009796428469964208 0.01394768168872048 0.1407743474322006 0.163813123316578 0.07201916295838789 -0.03049881136117251 0.06192155515767304 0.1582437546632711 0.1295214664374396 0.03389175018664817 0.2339502445398671 -0.001222147467795069 -0.02976835635534521 -0.1056481194956906 -0.05135516292936956 -0.04567817814845813 -0.09206992724357774 0.02043000613649888 -0.04747965391681205 -0.02800769169455361 0.1084651898182332 0.1132744068495027 0.07679181440150891 0.2326605670838753 0.09646569237543828 0.01757432559778624 0.2386121008236874 0.06170053426236961 -0.06038383348692972 -0.08482275881797224 0.06070826285488883 0.1101146118161884 -0.05149694920365436 0.0888130196989734 0.1363998749054209 -0.07882573321210795 -0.07632261963911206 -0.1098597071748165 0.1284982946542904 -0.03591537167917635 -0.03375908097257821 0.02621460054257299 0.1286439547624627 -0.0742406971494807 -0.01939479113186644 -0.04519653393922431 0.004852735469628527 -0.04357481320552314 0.02850627058930073 -0.06697131309108678 -0.02344633512263597 0.0142852429529324 0.09064248343138971 -0.02662423418908976 0.1023753274449062 0.1591398772671697 0.03887809285668178 -0.05105083496963634 0.01110122925217647 0.07210446246583663 0.05146986252072766 0.1177115209410776 0.0241572831300423 -0.02930780811363283 -0.0583040524723296
 0.006115968486273837 0.03615474753995854 0.02468211064191189 0.04848857903669524 -0.001460921609351976 0.02365204367774156 -0.01918043069446918 -0.1210316052542539 0.05700658514955954 0.01422605146887927 -0.02266860421183713 -0.04056454970179115 -0.02276354071538033 0.06471690442896853 -0.05272147586850301 -0.03444155751008678 -0.01106016809549595 0.02673602664858361 0.05734317618190002 0.1101090852220947 -0.05836641821346897 -0.05566203785043227 -0.09332921525754574 -0.0656531313415461 -0.02273965029049641 -0.01556084157153773 -0.1646658467331307 -0.05109184122765366 -0.09051448984342819 -0.1059386851950359 0.03598167614001067 0.1937944720792105 0.09730406486277531 -0.02085768719185586 -0.009991773652860114 0.001941966051092553 -0.0178188314076165 -0.06605428547675142 -0.05614403201892937 0.07981705425816199 0.07996348142542369 -0.04422959877135774 -0.1003675099733521 -0.2311282350225489 -0.00598930736904532 0.06761332130996074 -0.002014022492184998 0.05130902478927637 0.01886596641014824 -0.06103454363224505 0.03125581676418648 -0.03787873549883707 -0.09759473129349681 -0.06373871302369645 -0.1412979778822084 0.1167214745279375 -0.04875816957742719 -0.1644038118042952 -0.1320312139714577 -0.1682690670857441 -0.1378327090014168 -0.02820527888160229 -0.008622728785633664 0.0220766586165398 -0.01928385842977837 -0.09765066986269567 0.02111793556355539 -0.09721287309904472 -0.07783241389214512 -0.09182675701283777 -0.08741083592217253 0.03585138187449841 -0.008989942862273007 0.0253828571524742 -0.0362258839521017 -0.1786685718405095 -0.1096913995103906 -0.09025340819085807 -0.02306382276505877 0.01982345884984157 0.08167717353262942 0.04582667365360488 -0.02562758189576154 -0.05477215360982515 -0.0264500077952831 -0.00602345352158692 -0.1583305590873576 -0.01122650537995029 -0.02527922411071036 0.08989899272690198 -0.0426657629572262 -0.03787664468143488 -0.1858004189487315 -0.0615046637410734 -0.2344511725162265 -0.04299460505533852 0.1000793363025564 -0.02060802997181991 0.03026299373564843 0.01002396120138514 -0.2758523467289709 -0.001509941007735797 -0.01092569058820405 0.1006075495565069 -0.1371078480010197 0.08304104595380182 -0.0275987496023337 -0.1446326351534368 -0.1123731571226515 -0.1134011536134008 -0.00394193043905674 -0.01309815682151185 -0.03525221836026633 0.03590118685650918 -0.07756899904504953 -0.09776562486208604 -0.1163950396184113 -0.03042088704182302 -0.01553513764513697 -0.09634356518624999 -0.08126933173817301 0.01401902588301668 0.0612781164601162 -0.074279719284153 0.08336442339566154 0.1100888913975763 -0.1115011675941267 -0.02326981048094149 -0.1275236902189354 0.01419347871522258 -0.04552275877412116 -0.02987340406473263 -0.1569136179830268 0.04372770001376119 -0.06986262894683519 0.09517323779924421 -0.00307028228270994 0.1537187201649019 0.01266244651667503 0.00488967964730289 -0.07288357978651688 -0.05541643857677152 -0.1433550033453644 -0.0072217347910734 -0.03691967263792634 0.014312074798597 -0.105263314163691 -0.05900025031125457 -0.09854817369218064 0.06640581870117386 -0.04106768372613905 -0.01194148833591716 0.2733076718466185 0.1277640433063004 0.006351961462557354 0.03535867016494787 -0.07270320541012494 0.01148216847562526 -0.1117078418190606 -0.125105319546374 -0.2339428838704814 -0.1280126991655412 0.009882416345129669 0.00666601211889924 -0.04465605209168298 0.008801521958013767 0.02003963367177917 0.02637321653482341 0.04358196363053159 -0.008863161439829764 0.02691345385927761 -0.009867143959868185 -0.02595944551069771 -0.07087297719876651 -0.08317679590774199 0.05745269537823669 -0.04994388257945963 -0.06087931465879078 -0.1115105414755426 -0.2065811790947321 0.01256719060415178 -0.03685037251396366 -0.09423974734786211 0.03415706554755041 -0.2039392623210574 0.01690125143189627 0.04423462049450819 -0.04948580673620074 -0.02057386114957856 -0.04825806517908755 -0.05252618209602217 -0.05140107496097514 -0.01573312336185988 -0.09652152981652427 -0.05031013992858081 0.05710538638728248 -0.08720619045175344 0.02141665700870789 -0.03704165259456042 0.004964717963544764 0.07369670586108261 0.005453674737464206 0.03798402559795429 -0.1675807813580641 -0.2110719554345739 -0.04438476199842569 0.0725169371530027 0.1225449655979732 -0.07782762281377867 0.04232252979169533 -0.0666593401950397 0.01594722548961174 -0.1565141814900441 0.05658692138462453 -0.07465826414326081 -0.08394827055487282 0.02189951977796081 0.01510615581545856 0.01766626390396044 -0.06949653575620439 -0.02325978925785949 -0.05239613204706357 0.0138146948619233 -0.02849722106175788 -0.04639603431987176 0.006613892099742989 -0.02770240480673652 -0.02580587689128725 -0.05710941615442069 -0.01510452535191647 0.09310564528011527 -0.1288243148377863 -0.06106537876871224 -0.08195341623917228 0.08779260715435241 0.0474235795313663 -0.05442594721794718 0.01337076487234872 -0.06954366064833399 -0.007678790450380112 -0.07523682079444433 -0.007861664419419958 0.06469126914554366 -0.02438464556662427 -0.1025173227061406 -0.1439960117415703 -0.07425269051333733 0.0422980642107678 -0.1321581948882119 0.005400023627508302 0.1147392841388083 0.1292618819155813 0.1313272703449987 0.02213351874502861 -0.02703683548627831 0.1087599363758187 -0.04660590029145118
 -0.02880809768602466 0.1335635522054415 0.01777764464454743 0.03228759320282552 0.008086532391033239 -0.09635181457856351 -0.02985226103936364 -0.01882309803655142 -0.0451787454563673 -0.04843109511298377 -0.1630264221062482 0.02254606849878645 0.04646487294013171 0.02917528304494757 0.03448614432184867 -0.01163411157170406 0.06828361384582396 -0.006831164341100802 -0.05447078436479919 -0.04423459077196393 -0.02257029600496415 0.05646534480439106 -0.0322261368251694 -0.1084124662552 -0.1052059004094342 0.07873397728290893 -0.07975318273433572 0.03737186554858741 0.08397125616616972 -0.06437914187277789 -0.008401988493753712 0.07024025425801866 -0.03129231194863241 -0.03940470195257015 0.03887944872612641 0.05077398504464877 0.03393518733422294 -0.03842223267967571 -0.02401764278968295 0.01682600534429719 -0.09102609687688816 -0.05926966750810243 -0.08765824655045837 0.05271880224499068 -0.007637655927151314 0.0538818489214357 0.01667797359899276 -0.004990411726556644 -0.1083624034684092 -0.06114491036219709 0.0363749962957308 0.04901122300762856 -0.005519033131453381 -0.02606182486399117 -0.08064842314106478 0.01598772979838404 -0.02515166382633883 0.01342034271075074 0.0102835961331032 -0.04897981587960695 -0.09835647240674904 0.05438327424818436 0.09207917481913767 -0.009331987372441626 -0.04506047401204675 -0.1397207554886546 -0.1132583602827915 -0.009175144876511127 -0.02195178826049518 -0.1443066742226136 0.1260169306396651 0.08153232618746807 0.01812736603379662 -0.06634730421737872 -0.07608631057588652 0.00569824506337166 -0.01379216221856236 -0.09861414994412401 0.0428423869170269 0.01962848339287508 0.03935292643827124 -0.006672287870790008 0.10763361519832 -0.03818903957744282 -0.01857181756980971 0.06561063821083318 0.02929018957803535 0.09704189797057824 0.04121368196541186 -0.01897912778853396 0.01460576348956867 -0.03348583608437772 0.002209138947472497 -0.09204060270201828 -0.07537743261203791 0.08401519516534839 0.005632449483993253 0.08918493674197839 0.03464579540117985 -0.0200082558461177 0.03585561272311761 0.007089120001666595 -0.0316634633951235 0.2026988410238462 0.07926973672733587 -0.08940363039210811 0.0225948641644504 -0.04528284398454094 0.08665251706695752 0.01157467955198351 0.1088015482872389 0.03684295617360885 -0.01695239861583446 -0.02364767471771117 0.04414742242935082 -0.06257163666977206 -0.04936926002741236 0.1459523519754648 0.05410189046375841 -0.03131607362999823 -0.08076323059585885 0.0930388333172899 0.1124781262290502 0.1577686657467693 0.01876893429605507 -0.06378712792292815 0.01471074937226025 -0.01856476162234575 -0.09586159473293851 0.01624559037360837 -0.04285878071818056 0.06542022960844854 0.07026311645340705 0.02135336797405446 0.06740510296159348 -0.06516548117401011 0.03739438862810706 -0.07841852968831449 0.03161339861813301 0.02146670883090552 0.09245560938359877 -0.01144574943367318 0.02227212940482298 0.04932781664923969 -0.05025483011579585 -0.04479792865874036 -0.1295213293364264 0.03775450079145461 0.003703758350060061 0.01838658568602216 0.1130289469052198 -0.06484826983707873 -0.07081260022771496 0.1127754619275168 0.02659562676817018 0.01581644134427584 0.04077966328545713 -0.1070192895390415 -0.04635279579597866 -0.1886247755684458 -0.036216841957671 -0.02116224560654925 0.1039729489535025 0.01057855015693991 -0.02930602455454145 -0.1506218225172339 -0.02800926621125968 -0.01226264560003364 -0.04570321066333176 -0.05801959695211601 0.01283770005928194 -0.06763028681505248 0.1010521923185132 -0.03518516271067713 -0.004612567788995338 -0.04680362731315353 -0.04668307070394798 -0.028754993828647 -0.04122033420576031 -0.07237870407057095 -0.05901952409452117 -0.03823981346507188 0.007138723293207474 0.01179094816665392 -0.1164651306821186 0.08307408539858151 0.06034548922998034 -0.1404639913250542 -0.1250521840116116 -0.1563817821069619 0.06544089312795363 0.025565247612085 -0.02711607084866667 -0.02824292510060513 -0.1042869358445558 -0.04827775838106323 0.104803377227558 -0.08324458946132568 -0.1195256169651176 -0.009808211791099747 0.02263828276996286 0.0238437805414358 0.0107493784723961 -0.0290574293613088 -0.1330795657912473 0.01739000793525398 -0.1009955442387548 -0.03010803602729118 -0.02441150990841168 -0.05317547984574006 -0.104599016290174 -0.03010626028659007 -0.1070225234319725 -0.1627475688223645 -0.06870328067349908 0.01010808103189235 0.03658426525715199 -0.006379918648117162 -0.06431643624539313 -0.09383528066970187 -0.009246150906699601 -0.04289815188612446 -0.05449116639444295 -0.08508564499834212 0.008586114372127408 0.03540671978268497 -0.03784152555756794 0.0260124882980095 -0.03111585004995854 -0.1018558206144604 -0.02664804198917254 -0.06971288635631165 0.02018304211518619 -0.02929541367067551 -0.05044059903384322 0.1434659059919364 0.04037186785285687 0.07074712167513422 -0.008395194826282072 0.009502248699877378 -0.1033375274929956 0.03268763871945661 -0.02519670286762911 -0.03966736568482757 0.01828505043902538 -0.1379145113299289 0.03620105025867645 0.1329543461092009 -0.07575598965390151 0.07700872970493096 0.02760238162234022 -0.01293744484365359 0.0347124977445038 0.1061637586407759 -0.06826946836780601 0.06020909556830999 -0.1000372400785155
 0.08777013699300154 -0.0634170952979162 -0.01999561000657148 -0.02007058719335419 -0.0115893600558029 -0.009403342745846494 -0.04741624457136253 0.112548781157208 0.05863138937349089 0.08533850961570122 0.1163826245799905 0.1251104991957915 -0.03806781065658052 -0.07572720946395806 -0.04666915152226437 -0.01254418072097733 0.1175107267383508 -0.02618660045262201 0.05179515072883874 0.05575364433001181 0.008219245729509952 -0.03089941514390706 -0.02314427516720629 -0.03222472763891413 0.08354948821554728 -0.2192758257586236 -0.163959829042739 -0.0957431049949421 0.1011188673965428 -0.001950649161995262 -0.1816461636529454 -0.07680700462486367 0.04262423057646528 0.003621358678330318 0.01879188171413129 0.01609085246795986 -0.0383619558126601 -0.0626582547627368 0.09481406007912499 0.1049434120566483 0.07172060671129336 -0.1367209126605029 -0.04341668273967048 -0.1632213517257223 -0.05354389593050314 -0.1024355052293243 -0.0852186852379886 -0.04548559586113218 0.04361766348478521 0.08691395096142875 0.03239043835570003 0.01261393054131974 -0.05354471292315835 0.06459962156724429 0.05940033137805774 0.06851985778086912 -0.03213825952073068 -0.009558731264613068 0.114068263934014 0.08048500112376311 0.01090991301575944 -0.2445104640322498 -0.01835922948832212 0.004268195255997498 -0.0838851928048069 0.04440796249391554 0.1422429348888852 -0.03784802155849759 0.1459083155059464 0.05436160977081011 0.1024944189708628 -0.002805943117590876 -0.05404591496844278 0.03977614689181009 0.1826648569369151 -0.05985531962788224 0.09644330182746121 0.0624748466837288 0.04144816224851413 -0.08179400924760213 0.02118381064163746 0.04633187356450881 0.05284689625839251 0.03097149998759754 0.06993602731639292 0.1740819570446509 0.008351972056171978 -0.04675253422370178 0.03898629442593948 -0.05558872185949024 0.06175268996771727 0.1085190074047751 -0.05114423946625512 0.04468266684790544 -0.004285763343066431 0.0360295546174613 -0.01595106264132491 0.01824690940320454 0.1388844822456938 0.04234121370511421 0.03611655851873798 -0.0253236216307152 0.09987678780625092 -0.006493358126990168 -0.005955887367840757 0.05918163440970336 0.06815427998691717 0.06273796835796677 0.1108405804072548 0.01286178021635304 -0.03621011460673969 0.0677468399949621 0.03064809079463608 -0.02858570808329926 0.15792572361152 0.08265789782580168 0.09285807864434029 0.0413777575108654 0.1385782106660875 0.01159395686107777 0.0770214337675184 0.03959914888236139 0.05986368997444245 0.0927606807311863 -0.007545602446995995 0.04297292758946604 0.02008110331267098 0.139268623272932 0.01776774965461126 0.02887545505111947 0.1517466323456723 0.1097352368559141 -0.02718977529387193 -0.1154527358799296 0.07306706809275433 0.04670306953423187 -0.03728443683695026 0.1298861352029392 -0.06561268510268212 -0.0965840223617217 -0.06539122267603294 0.008109809615057462 0.000758287019050694 0.04697137745966337 0.0753605382269783 0.1393407140100975 0.01577605650674695 0.02331874270587351 -6.989123036728264e-05 -0.05922857700779081 0.05148655853977183 0.0008708203492847367 0.06890073824121273 0.01092204122412422 -0.0217506654726475 -0.0152821510190652 0.006802378204745036 -0.08707055586464145 0.08993023387189769 0.06547571990621667 0.07134683450212989 0.003984762231538107 0.03781370538883173 0.0005565198839980144 0.03143402396752525 -0.006474941784992992 -0.05217977819360037 -0.04648637303065117 -0.03789886990523521 -0.0233328132196076 -0.1326825154291532 0.1162500714210296 -0.01294799062901082 0.09527552967605844 0.003825621000927438 0.0237349734978833 0.02189456252551913 0.05349824669424147 0.07845499093649574 -0.005482449335543956 0.03267286208355851 -0.009883249129750577 0.06995397609126436 0.002664009544629982 0.005727336123742339 -0.167741406806616 -0.03687155609075366 0.1735779010237715 0.0961857298423658 -0.05345947351031124 -0.1825543613544529 -0.04793277039862987 0.09547217845939043 -0.001651379436447181 0.03836564228665421 0.04499587935152011 0.1688400871923909 0.06772927575100937 0.05219221988215855 -0.1704407658074404 -0.1073925918601458 -0.05402682835316846 -0.1138572926470509 0.06225638885318392 0.0599602479312453 0.08520965762885033 -0.0464480315787074 0.08479570104660111 0.05598471458745692 -0.02179960163691336 -0.003252997129132894 -0.01764964206170992 -0.05321049671991972 0.2584157323085631 -0.0968951612120537 -0.06816452502522728 -0.02898421443615052 -0.005893656068549343 -0.05750117906810371 0.0716499185644571 0.01359988183732489 0.1513768186366608 0.06654224475542399 0.08961485171111076 0.006356254251815931 0.09616119007958013 -0.02164576650113215 0.01784451223646066 0.06772729187151871 0.1196284296941711 0.02893291479228569 0.07751590021861793 -0.08728404935177925 0.01095564012658408 -0.001704640703279108 -0.06365840870235003 0.01254474938377749 -0.2527950794205094 -0.006281998624998049 0.02021630610030542 -0.06159523449751167 -0.05416582465029695 0.0009587231391257663 -0.04363744988090289 0.09283984561691934 0.08533029691967516 0.207822837479942 -0.07208667331437485 0.0643014877947181 0.003698214354878597 0.02164587844694988 -0.00756905995010287 0.006554508517186873 -0.03953182533862348 0.01841047300286836 -0.06093025892458357 0.1305188681571554

# name: <cell-element>
# type: string
# elements: 1
# length: 5
f_ccs

# name: <cell-element>
# type: string
# elements: 1
# length: 6
df_ccs


# name: <cell-element>
# type: cell
# rows: 1
# columns: 5
# name: <cell-element>
# type: matrix
# rows: 10
# columns: 1
 0.03806616647306434
 0.003546883052180282
 0.3835544213254302
 -0.0166738600076278
 0.1924678409631917
 -0.1319578768132521
 0.08955761647711664
 0.2076823978304311
 0.1161450379349709
 0.07009645550786503

# name: <cell-element>
# type: matrix
# rows: 10
# columns: 1
 0.03806616647306434
 0.003546883052180282
 0.3835544213254302
 -0.0166738600076278
 0.1924678409631917
 -0.1319578768132521
 0.08955761647711664
 0.2076823978304311
 0.1161450379349709
 0.07009645550786503

# name: <cell-element>
# type: matrix
# rows: 10
# columns: 6
 0.4808899625550204 0.04157000519243782 0.256148043854262 0.6021903045554774 -0.05005067245338213 -0.00688927195360667
 -0.4904084930086044 0.06600958749606026 0.1433292931689584 -0.03160422544225355 -0.07625218057831554 0.03503396737488917
 0.1778748659183252 0.09891857180674719 -0.1403984916598381 -0.04214045377701917 -0.09345941604760342 0.0112274373304467
 -0.2692480233696518 -0.09017885054180737 0.4528979048683564 0.05495926100126364 0.4234271053403726 0.2226695719895697
 0.5679364433810314 0.1449526595931011 -0.4904934305988212 -0.1354190167255029 -0.03585976921655278 0.03959928032280713
 -0.03033930324406273 -0.5995547835001768 0.4716996268139197 -0.07892066435523654 -0.1670197048499174 -0.1070734321397188
 -0.04747480430370849 0.0009175183619801728 -0.1048390497227399 -0.3828229979224183 -0.07321647552898175 -0.3525704169221558
 -0.2067547249955854 0.1468319431792584 -0.0008580283533584469 -0.05190078963402474 0.01856422588965616 0.06499787655588174
 -0.596329859861797 0.1728412912704434 0.2687251977543915 -0.04188231432485563 0.1738766864533511 0.1087712395057127
 -0.2262379346381055 0.1060092454874664 -0.0181045582004297 -0.003377219152425104 -0.08370928362791225 0.03845716062293029

# name: <cell-element>
# type: string
# elements: 1
# length: 9
f_sorties

# name: <cell-element>
# type: string
# elements: 1
# length: 10
df_sorties


