# Created by Octave 3.0.1, Sun Mar 22 17:39:57 2009 CET <artieres@artieres-laptop>
# name: pmc
# type: cell
# rows: 1
# columns: 3
# name: <cell-element>
# type: cell
# rows: 1
# columns: 5
# name: <cell-element>
# type: matrix
# rows: 256
# columns: 1
 0
 0
 0
 0
 0
 0
 0
 0
 0
 0
 0
 0.986
 1.093
 0
 0
 0
 0
 0
 0
 0
 0
 0
 0
 0
 0
 0
 0
 1.292
 1.348
 0
 0
 0
 0
 0
 0
 0
 0
 0
 0
 0
 0
 0
 0.001999974
 1.675
 1.203
 0
 0
 0
 0
 0
 0
 0.324
 0.156
 0
 0
 0
 0
 0
 0.143
 2
 0.8169999999999999
 0
 0
 0
 0
 0
 0
 1.008
 1.392
 0
 0
 0
 0
 0
 0.369
 2
 0.751
 0
 0
 0
 0
 0
 0
 0.994
 1.806
 0
 0
 0
 0
 0
 0.754
 2
 0.206
 0
 0
 0
 0
 0
 0
 1.379
 1.581
 0
 0
 0
 0
 0
 1.3
 1.961
 0.01899999
 0
 0
 0
 0
 0
 0
 1.525
 1.582
 0.09299999
 0
 0
 0
 0
 1.845
 1.72
 0.835
 0
 0
 0
 0
 0
 0
 1.191
 2
 1.844
 1.515
 1.04
 1.285
 1.756
 2
 1.785
 0.705
 0
 0
 0
 0
 0
 0
 0.04100001
 0.909
 1.428
 1.6
 1.6
 1.212
 1.186
 2
 1.304
 0
 0
 0
 0
 0
 0
 0
 0
 0
 0
 0
 0
 0
 0.522
 2
 0.918
 0
 0
 0
 0
 0
 0
 0
 0
 0
 0
 0
 0
 0
 0.747
 2
 0.453
 0
 0
 0
 0
 0
 0
 0
 0
 0
 0
 0
 0
 0
 0.973
 2
 0.387
 0
 0
 0
 0
 0
 0
 0
 0
 0
 0
 0
 0
 0
 0.878
 2
 0.482
 0
 0
 0
 0
 0
 0
 0
 0
 0
 0
 0
 0
 0
 0.864
 2
 1.056
 0
 0
 0
 0
 0
 0
 0
 0
 0
 0
 0
 0
 0
 0.243
 1.779
 0.698
 0
 0
 0
 0

# name: <cell-element>
# type: matrix
# rows: 256
# columns: 1
 0
 0
 0
 0
 0
 0
 0
 0
 0
 0
 0
 0.986
 1.093
 0
 0
 0
 0
 0
 0
 0
 0
 0
 0
 0
 0
 0
 0
 1.292
 1.348
 0
 0
 0
 0
 0
 0
 0
 0
 0
 0
 0
 0
 0
 0.001999974
 1.675
 1.203
 0
 0
 0
 0
 0
 0
 0.324
 0.156
 0
 0
 0
 0
 0
 0.143
 2
 0.8169999999999999
 0
 0
 0
 0
 0
 0
 1.008
 1.392
 0
 0
 0
 0
 0
 0.369
 2
 0.751
 0
 0
 0
 0
 0
 0
 0.994
 1.806
 0
 0
 0
 0
 0
 0.754
 2
 0.206
 0
 0
 0
 0
 0
 0
 1.379
 1.581
 0
 0
 0
 0
 0
 1.3
 1.961
 0.01899999
 0
 0
 0
 0
 0
 0
 1.525
 1.582
 0.09299999
 0
 0
 0
 0
 1.845
 1.72
 0.835
 0
 0
 0
 0
 0
 0
 1.191
 2
 1.844
 1.515
 1.04
 1.285
 1.756
 2
 1.785
 0.705
 0
 0
 0
 0
 0
 0
 0.04100001
 0.909
 1.428
 1.6
 1.6
 1.212
 1.186
 2
 1.304
 0
 0
 0
 0
 0
 0
 0
 0
 0
 0
 0
 0
 0
 0.522
 2
 0.918
 0
 0
 0
 0
 0
 0
 0
 0
 0
 0
 0
 0
 0
 0.747
 2
 0.453
 0
 0
 0
 0
 0
 0
 0
 0
 0
 0
 0
 0
 0
 0.973
 2
 0.387
 0
 0
 0
 0
 0
 0
 0
 0
 0
 0
 0
 0
 0
 0.878
 2
 0.482
 0
 0
 0
 0
 0
 0
 0
 0
 0
 0
 0
 0
 0
 0.864
 2
 1.056
 0
 0
 0
 0
 0
 0
 0
 0
 0
 0
 0
 0
 0
 0.243
 1.779
 0.698
 0
 0
 0
 0

# name: <cell-element>
# type: matrix
# rows: 256
# columns: 1
 0
 0
 0
 0
 0
 0
 0
 0
 0
 0
 0
 0
 0
 0
 0
 0
 0
 0
 0
 0
 0
 0
 0
 0
 0
 0
 0
 0
 0
 0
 0
 0
 0
 0
 0
 0
 0
 0
 0
 0
 0
 0
 0
 0
 0
 0
 0
 0
 0
 0
 0
 0
 0
 0
 0
 0
 0
 0
 0
 0
 0
 0
 0
 0
 0
 0
 0
 0
 0
 0
 0
 0
 0
 0
 0
 0
 0
 0
 0
 0
 0
 0
 0
 0
 0
 0
 0
 0
 0
 0
 0
 0
 0
 0
 0
 0
 0
 0
 0
 0
 0
 0
 0
 0
 0
 0
 0
 0
 0
 0
 0
 0
 0
 0
 0
 0
 0
 0
 0
 0
 0
 0
 0
 0
 0
 0
 0
 0
 0
 0
 0
 0
 0
 0
 0
 0
 0
 0
 0
 0
 0
 0
 0
 0
 0
 0
 0
 0
 0
 0
 0
 0
 0
 0
 0
 0
 0
 0
 0
 0
 0
 0
 0
 0
 0
 0
 0
 0
 0
 0
 0
 0
 0
 0
 0
 0
 0
 0
 0
 0
 0
 0
 0
 0
 0
 0
 0
 0
 0
 0
 0
 0
 0
 0
 0
 0
 0
 0
 0
 0
 0
 0
 0
 0
 0
 0
 0
 0
 0
 0
 0
 0
 0
 0
 0
 0
 0
 0
 0
 0
 0
 0
 0
 0
 0
 0
 0
 0
 0
 0
 0
 0
 0
 0
 0
 0
 0
 0
 0
 0
 0
 0
 0
 0
 0
 0
 0
 0
 0
 0
 0
 0
 0
 0
 0
 0

# name: <cell-element>
# type: string
# elements: 1
# length: 4
flin

# name: <cell-element>
# type: string
# elements: 1
# length: 5
dflin


# name: <cell-element>
# type: cell
# rows: 1
# columns: 5
# name: <cell-element>
# type: matrix
# rows: 10
# columns: 1
 1.987981700373884
 3.060952479249174
 0.6896471022802191
 -2.072828297533138
 3.195363004198331
 2.254232977085702
 -2.975726010728998
 2.265308411283735
 0.6832861235725399
 2.60528610988125

# name: <cell-element>
# type: matrix
# rows: 10
# columns: 1
 1.413451145729711
 1.615790449153434
 0.6658636656012367
 -1.43906139292313
 1.628068675858247
 1.486907425379878
 -1.606970506113121
 1.489546657345999
 0.6603626689241632
 1.557085749872238

# name: <cell-element>
# type: matrix
# rows: 10
# columns: 257
 0.03016020839760619 -0.05852155840333591 -0.12506525241487 0.06481745897566141 0.07406718964980806 0.06755851418623973 0.0576891760774541 0.1450110075192981 -0.02265851656437214 -0.04399387383074817 0.04238411727299206 -0.008120953421837588 0.1134535738211532 -0.1168694655703262 -0.147478548160857 -0.08092414440740607 0.09827470607919098 -0.06918219840151658 -0.0777254900602188 0.05605217254100587 -0.0109116887728601 -0.006667290716764473 0.1763785330657974 0.2936939561930364 0.100210656932608 -0.002906714457476067 -0.005458746476009099 0.1335802302890918 -0.02351658106626257 -0.02186816827668929 -0.1218811618336752 0.02477553122426185 0.06079610164292426 -0.09258291744796651 0.05485354875726501 -0.004209674763296554 0.02158799321943263 0.03714803975693016 0.05004693766009801 -0.002533724765747034 0.1381524409783237 -0.0143869382789671 -0.08299183838381934 0.2064218362719999 0.09690960799976013 -0.002947029760800236 0.118299442325633 0.03550664669803063 -0.03770772090649431 0.02377289582866431 -0.04477089016196669 -0.01385072577206327 0.02767709927092697 -0.1225729517756774 -0.02096541573298756 -0.08262718818226662 0.1280455127714677 -0.004048018628881241 -0.07415434250494732 0.0287358054167906 0.1047934127179045 0.1584414070564172 0.1481259104071929 0.06479047007846357 -0.06206767509817605 -0.07185853495959516 -0.2085791346737269 0.01364247756218496 0.03284779985354171 0.0610269584105577 -0.1189319427283465 0.02108042833295657 -0.0975280467581429 0.08657323756689157 0.03496823412896089 0.03624368252645745 -0.07894926852674579 0.002435393173168461 -0.03392490118962942 0.141575007346284 0.03869561320907411 -0.04219867249652758 -0.04620185634051368 0.1038152342158601 0.1338974759783081 0.07354899503790664 0.07045003223141964 -0.2361309337791803 -0.02937362875322444 0.1825649123413428 0.02766858462763507 0.2028935110065473 0.17685776082914 0.1611468901438839 0.1266187517645835 0.2558989143109639 -0.09676404885354631 0.03825151454103755 -0.05699853551101309 -0.02089697192161628 0.09545572193185337 -0.07449325497053912 0.06896992923985792 0.07560993662473181 -0.1169915172551704 0.08278559767725083 0.1601207575218718 0.2175736292543245 -0.01707617802166153 0.1158854911171768 0.1321163757238511 0.120016043714324 0.01270542412398616 -0.08780669527057336 0.05287519743715438 0.03981582777530317 0.03701478441312666 -0.09809712252233556 -0.03439956603157533 0.08234574532429599 0.1153506407491396 0.01487522914577259 0.01423199143769616 -0.02994902631360677 -0.1242099144036657 0.09711903244264254 -0.163159428239891 -0.02232941031122095 0.0089191287172781 -0.07830421878329846 -0.06072748826789455 0.1856582499611167 -0.02750266627015837 -0.03719443094411509 -0.05545881241299976 -0.08552985577914476 0.1481946256516805 0.04621097247255731 -0.03049304001095635 0.05109943343231767 0.04069637175965636 -0.008071090562720413 0.0639864275974765 -0.07894843495701487 0.07054064028939805 0.07934184339915276 -0.02805898176395708 -0.005938561122640905 -0.1005368755990561 -0.02092771125257517 -0.0498360816445536 -0.04346163750607932 0.07407577281032232 0.1459018053757143 -0.05805356837440066 -0.01352886276521486 0.07915391065517753 -0.1391536279909201 0.05923718178552442 -0.0790000180583922 -0.05613500034773393 -0.1273240112136274 0.03008078134960612 -0.03475258754052218 0.06482928350397926 -0.05673177956417755 -0.01098355414620437 0.09739602407209749 0.06176658187802861 -0.005138610826548438 -0.1180621158183111 -0.1038503319421546 -0.04807093893948206 -0.01687480664595161 -0.1010454261162109 -0.023392791570971 -0.1219745625439456 -0.08440273203535649 -0.1111615028729 -0.02485955332638308 0.02975552763221254 -0.08955307225691385 0.02506586193094941 -0.02905258030689374 -0.1044616947165086 0.1929400703917384 -0.02067214545111171 0.08981490384185996 -0.006693508558481538 -0.1035895020229562 0.04190865028181675 -0.1436587176676479 -0.1563090675645029 -0.1276034558644451 -0.07333186058306246 -0.005632355273847652 0.0005683154140550086 -0.1549898159100904 -0.1442910155330116 0.1388419002321298 -0.1188892897182041 -0.09058201672501932 0.2516402261200397 0.03324434401351894 -0.1248319361687587 -0.1627574716005105 0.1884276702966416 0.04114768675583513 -0.1254513502835872 -0.06023304430316771 -0.02398988964723801 -0.09814414815869764 -0.1285066386140144 -0.0806931026693368 -0.06548662703567255 0.05851509011199912 0.09181363720356372 -0.01489204896443878 -0.1957441053726159 0.07849319478723103 -0.1317228115455318 0.03414570585247435 -0.007313685535082389 -0.0795297431684409 -0.07633917124519134 -0.06216143475276938 0.003049053696204805 0.02805954870327812 -0.1066533713041721 -0.1416092594541181 -0.007546741472487592 -0.05190821751802525 0.05531723068560435 0.07095246512647192 0.06232261920109194 0.01833184978505728 0.04303181712826728 -0.06864376295752384 -0.03304232341783227 -0.0335553145353731 -0.05942779359764087 0.0429168111281756 0.01035948026335696 -0.1027258120127797 -0.1552712164697513 -0.1042301719189108 -0.03382033888773705 0.006148166091937861 0.151734772417729 0.1420123889907795 0.1008553582829113 0.2247742178749584 0.09592613454819167 -0.02727261442557157 0.04126269410716253 0.01394662763155125 -0.07737015210789416
 -0.05883683783837639 0.09266542077029609 -0.09095302605593422 0.103270178523164 0.01950250253514578 0.02134587065289211 0.07376413513218118 0.04049718706296264 -0.02900431029982573 -0.04249995452694601 0.09857310933818075 -0.02071775437854161 -0.1120793063259147 0.06408756386657283 0.07453455379507606 -0.05754535035719225 -0.0224422644605878 -0.01608207354616855 0.09457627784256717 0.1817848463259673 0.04390931123036351 0.01465051812115158 0.205770387642716 0.01058314860613049 -0.04204460758693485 0.05259647471214255 0.1562793773033659 0.2186063116197779 -0.08507840419120336 0.001142845323516111 -0.101723466968564 -0.09427225929664441 0.1191069205657405 -0.01102691357920165 0.0219419658428069 0.0964875063362941 0.06186617305672445 0.0595946826454035 0.09627785705311355 -0.09338111072743323 -0.121986725967387 -0.03322746947394609 0.04405810945138687 0.05894853060807605 0.02188358117656462 -0.08715992728675483 0.05137270014288638 -0.01872773864932292 0.05710301065171881 -0.03314390458146706 0.04267602849052605 -0.008834581302396899 0.1449739090044152 -0.06112792976801089 0.001329957708417259 0.09384409423674926 -0.0678632113464447 0.02619998652926376 0.1532209271573714 0.04569935723469646 0.1697063082946319 -0.00336175046825824 -0.002156196280109257 0.07011396466375588 0.04732478994038398 0.1051885039040032 0.1031180075432139 -0.01788834589191967 0.03082660352334445 0.07144063264468535 0.1675702449438905 -0.09667171217833645 -0.01524757322899084 0.06080332766783673 -0.01352476929619883 0.05251546036833055 0.1156916067131035 0.04126827591419973 0.05100150496855468 0.01431026561269058 -0.07341461866861947 -0.1159135342607442 0.1124406281112219 0.1311417423748109 0.06420782335357193 0.03808058790090132 0.1420711849862083 0.05252261958348512 0.1089586731229076 -0.1259726743552109 -0.01240312074430033 0.1698264047110606 0.01440836385221785 0.122965717958913 0.1835271679830214 0.07884746394374449 0.01915211643857475 -0.08825177933700229 0.03283369877810902 0.07650567314558579 0.05144072181107156 0.06912496227893303 0.06446379338324694 0.001865405794740485 0.02897415735367603 -0.05490488958878074 0.0493671534838841 0.0861788170211549 0.09403511409460866 0.06400102870950769 0.07634510711510394 0.01274106838698897 0.03542110331609447 -0.09443507567652656 0.1232147620512009 0.07816692681164548 0.1906557588226312 0.0817528246481859 0.102501355281603 -0.0963492924897907 -0.08062001064835372 0.001918742070374378 -0.05372322304107632 0.1475181558065668 0.0003462864823985107 0.009270032981330192 0.1494365907820472 0.02173507710097083 0.07279828556575599 -0.04078066224105947 0.05498881771782037 0.103231394228794 0.05598407508270241 0.00491934493676612 0.1502013621948701 0.0889556621789275 -0.09400953285002855 0.1261169318332934 0.05772317102470134 0.02623327368616812 0.02116040356789004 -0.08145531756684433 0.1450006482167474 -0.006301737479349341 0.07835009662453234 0.05266943575957996 0.1609609609280969 0.149348021776736 -0.05898804158064203 -0.04006385071513341 0.004476973929806825 -0.1367780488634893 -0.01842586271325781 0.02988962011467821 -0.04644605998120157 0.1434314888926404 0.1453046516052632 -0.0158331675590806 0.1489824245946218 -0.01020102826355778 -0.04403748010218712 -0.0714617982075984 0.02270729574587494 0.1259377415197067 -0.04175313329954631 0.03429508377013794 0.02930088805844544 -0.07720396838964137 -0.07166008540024917 0.096542172236038 -0.05989232271582248 0.06159772663625161 0.09632829543558812 -0.06231743253052342 0.02184669130907882 0.08671009474130384 -0.06608187483844269 0.004397455069245383 0.08342550012068417 0.01826024977481364 0.09497328285579591 0.06571654329888894 0.00250221410997571 0.04708673991940037 -0.03529832945992655 -0.0333414109572522 -0.007732052037502189 0.09549281069108877 -0.05882325087921357 0.1068132827067609 0.1022494639079456 -0.06812066342293133 0.007551436544224513 0.127045171552478 -0.04104111821966278 0.1953393654415789 0.1364941102208751 0.1299919227151832 -0.02417795746301065 -0.1171397496477422 -0.07884216535274113 -0.07743171073493357 -0.08472751903127075 0.01166340889934753 0.2633373353192089 0.06291502790910911 0.03224685505195013 0.04227611964649323 0.04349265470460543 0.03653603244921479 0.02971574846016613 0.06701657202982808 -0.03085399587806255 0.08361743553248036 0.07400768670747715 -0.001515124128827387 -0.09621543202784584 0.08490729441210457 0.1070785579406403 0.0734747633434166 -0.05428556156585996 -0.009527833759334777 0.0539566455496187 -0.01724293609967507 -0.01414447935889373 -0.04237085046947844 -0.0333241196167636 0.06192102014751955 0.01761781667105243 -0.009472622824653245 0.09470670210313431 -0.0173515115658879 0.05414436525632417 0.1377696985960996 0.05193546577795038 -0.1497161475906073 0.09686010579609942 -0.07695826149281933 -0.01877876846449948 -0.008684638663820552 0.02143050231370318 0.1141337700455054 -0.003131575450009263 -0.03569281421640726 0.04199028165463015 0.02309361692001774 -0.003522805332714529 0.1430835151359575 0.09377175013515024 0.09180685065883777 -0.06393724266305766 -0.1327607046901879 -0.02330162016179167 -0.1140811326412888 -0.03130652697086329 0.01134888802412058 -0.03867412064769832
 -0.05057895294553963 -0.02801272552677018 -0.01371746821753848 -0.04911496269634227 -0.07719395860304186 0.1020345140841024 -0.03212455742471419 -0.1474482685875602 -0.02461952578148628 0.01527310126424665 -0.03684813512577696 -0.08495454259196414 0.1024278610421538 0.03302307458427966 -0.08434511784956246 -0.02641836136563912 0.03231550115781483 0.02450614816512401 -0.05646712889023021 -0.1243142284927704 0.1140108106310849 0.1351093698161113 -0.1940196222789377 -0.247207937783122 -0.2285317840275935 -0.1167911309426871 -0.2663978510367668 -0.2423760074047738 -0.01472475942283676 0.1027162332081445 -0.07514987552597249 0.01027688029142706 -0.004934646850908508 -0.0326262304720874 -0.06714837977406538 0.02306941015130976 0.03813410327343536 -0.06663435653704079 -0.1015432380277387 -0.1301546040910782 -0.1179030887233039 -0.08071031410775303 -0.2214997413932608 -0.03468122947881689 0.02296511000879409 0.02230241623265329 -0.006441038133029279 0.004612714386382605 -0.03589118532041866 -0.0824884824081461 -0.03899663522474462 0.03771901824277065 0.025606978647991 -0.1399501410681051 -0.09917621026770314 -0.02647814907902718 -0.05058181251635672 -0.007786791615842878 -0.1281410202220973 -0.09355549993368306 -0.1182279620865821 -0.1025311307825719 -0.05967461477009833 -0.1227647651888634 -0.06250618282885491 0.005968114062529428 -0.01259338071145989 0.08492701902027031 0.04791400874448309 -0.07467385143758233 0.163631045490067 0.188105212026688 -0.0191279770355329 -0.1736511681841507 -0.1910173494648011 -0.1221217023858289 -0.18682996108425 0.05344204998621618 -0.007051445889958122 -0.06384770736471369 -0.02527676224651913 0.06802483630322489 0.003433393335042644 0.06097039498416049 -0.1167867906096331 -0.06737011543488394 -0.01047259395475969 0.1805506386275742 -0.05188524067092005 -0.1012740649691724 0.04725938642533242 0.02127367458763698 -0.05406144893124171 -0.13521562322369 0.04556783264670065 0.08978526034793427 -0.05566178606884825 -0.003132594594802642 0.07634464952266261 -0.0424222269897762 -0.1135317082942517 -0.0203926765443189 0.0295950896101409 0.1618866143939681 0.05789573262428883 0.1497317475971436 -0.01976865499278608 -0.02532361433284377 0.1444463557239088 -0.06355286276232769 -0.1105145620486185 0.006098632958673174 0.02082333526156428 0.000500851435593985 -0.1943329719871731 0.0218265782586671 -0.01847788538407594 0.06545393531854408 -0.02466582301996492 0.1231096214237698 -0.01589558341282511 0.01676143914071353 -0.001732693628169824 0.09277382050598769 0.07715387974818411 0.01582030814320172 -0.01670906428556907 -0.03040314877076217 -0.018686246254073 -0.1245861281036443 -0.04218337437354261 -0.1152028703727214 0.04547432311630925 0.007281773527456999 -0.01368346567201267 0.184879937607678 -0.01189905121219239 0.1160638236323737 0.2237980586852986 -0.05609922805168022 0.09630932547592395 -0.03593309626434057 -0.09912651580772065 -0.03926845942684194 0.05273397037676265 -0.0320423655803584 0.1182553666163681 -0.0477156743451265 0.07535666560889932 0.07646643210106921 -5.846756306521772e-05 0.07415520921658525 0.09777677753345466 0.199116019794976 0.09969957257800822 -0.04712707093308043 -0.07047586458271786 0.002381996975476493 -0.183972426878177 -0.1109316497017455 -0.08090805412385056 0.04515627320502999 -0.04148078525233481 -0.05832824874881263 -0.02731332988285705 -0.1020134775406216 -0.1429091619145143 -0.06388547226979953 0.05820454773567647 0.01033674340422036 0.1406845391252198 0.07127680743020004 -0.07028046970014683 0.01709631250133956 -0.220793964249597 -0.03893321228832074 -0.06900117318004723 0.1121739062229109 -0.075494273138454 -0.1702304692586411 -0.05282076784686371 -0.01930148618473321 -0.04962580342591242 0.002247515392118068 -0.01415906771876748 0.05999214896113174 -0.049061953649868 -0.1591111258719234 -0.1853194673964451 0.04301031945191786 0.04769136861156159 -0.1000754726759246 -0.01121309206692351 -0.0009357807766700858 -0.07426837857828965 -0.1795846120650212 -0.09535504481395517 0.007728596169026264 -0.1546183398372006 0.05814185075177505 0.1054482569180672 0.005755018985903112 -0.120060299501338 -0.0679697879243743 -0.2233279055277047 -0.175474414661833 -0.04605874898646015 0.01327929563729746 -0.04437829452799064 0.01629865952589993 0.00570255326922422 0.01359609934476067 0.009539864696306046 -0.1114840344941037 0.02994140438080224 -0.07091846042898702 -0.02669285137803123 0.01031044248390149 0.003277778188994505 -0.02463854042006729 -0.2028218697468882 0.03207239788661697 0.04063964984835901 0.009463910607508962 -0.005727664723733339 0.05526108224308013 -0.08115085766620653 0.1127970392571994 -0.009997648935846305 -0.1212304691125324 -0.06476707139095073 -0.07752961982856378 0.01300466955082623 0.07625358704139723 -0.04866258237938584 0.08683902500096309 0.02586523977463849 0.02977520481356017 0.04603376392028511 -0.06955348903987085 -0.01163101942351435 0.06028327867127068 0.0325770030596042 0.04920698376403443 -0.006376227349049743 -0.07379733639670517 -0.02186144638778807 -0.09485366598813623 -0.05811641856354392 0.06379350906877874 0.03693460843243346 0.09365420081323723 0.1994895789147832 0.03477030885466533 0.0396527138651195 0.002690553137725381 -0.06376871884153254
 -0.05477881753204076 0.04239638703277201 -0.005382909729835674 -0.1145684189640177 -0.02343976462435481 0.08679096098567225 0.007217520153461918 0.03635007803090316 -0.02557135103525845 -0.05371985856391544 -0.02856999566213747 0.07389747550093528 -0.1517692881122021 -0.04754896111985452 0.1230413095448486 0.1464777047836804 -0.007625062703879016 -0.06039263620113219 0.06360217956881459 0.05568577574924864 0.02018316221985784 0.1874503699456958 -0.06586975053704291 0.08607584637542427 0.07767613912921757 0.08889620760448845 -0.1586762266470313 0.02719489779741521 0.07895249343983494 -0.1644323378687753 -0.02507715052205529 0.1409679943938247 0.107690500847915 0.1314691290397982 0.00185232340303371 0.05671862677843794 0.1594085242834393 0.05761231059279499 -0.08324549883695725 0.2754331137737163 -0.1342107949179194 0.03021150444665254 -0.05487845532270239 0.04944376330959623 0.04228342471492413 -0.1848672566007062 -0.2517644353384549 -0.125591066100115 -0.07058851903801298 -0.1695939371711212 0.03728046405092635 -0.09753762143054394 0.09210080906314069 -0.07427160354081924 -0.03684301559817543 -0.007936579646409205 0.1305075846414109 0.2204905713605615 0.1312306333885898 -0.007442678851112027 0.1223030550457539 0.05085837136243868 -0.02643206387251112 0.05642923490251965 0.2558462067074589 -0.05369302136723438 0.01876111121412135 -0.02571639854445152 -0.1632643571679429 -0.1163873011265463 -0.1609200954618777 0.3081036034024681 0.2092755993084539 0.09014745764333877 -0.04710778771844633 0.01461134341699989 0.1401015991991581 -0.07303453819120098 0.01244643946199 0.06940185861046799 0.0462692047126117 0.1470782668797047 0.03983454181844581 -0.2126838731968398 -0.1951255501975867 -0.03248889235580373 -0.2093485630276133 0.00261454270022458 0.09325786829244274 -0.03002676629309878 0.1532056015594928 0.05297191650308975 -0.01333230097055097 -0.1327890531348702 -0.11210453129922 -0.08850902228379859 -0.06441611955457911 0.01474323552801731 0.08177117935243906 -0.2702970284644048 0.162747492995184 0.02718058389257492 -0.1885917405370588 -0.1536111851121751 -0.03943233848572469 0.2062285049436782 0.06288717936680492 -0.09047880659625109 0.04616280914170946 -0.08635054427117668 -0.0387136007992309 -0.03782850156445008 -0.1513050755097207 0.01772536335997738 -0.08237594065189228 -0.2462380533553613 -0.02103614244455697 -0.101350541197792 -0.1024355926679795 0.01752117907028905 0.2337150992181785 0.03940620170009852 -0.1381360412730506 -0.1353448848278371 0.08618844307034439 -0.1494277903841578 -0.0658843438724382 -0.02519770283836998 -0.1824456282579927 -0.0471318153540664 0.1319589972251583 0.0863319170254674 -0.1696974005657617 -0.1072241260306294 -0.1288867042543368 0.03621953939820893 0.1732356774724732 0.0999358483604562 -0.0626188388529334 -0.07133071459689244 0.06375705322213239 0.06030764241234812 0.1900577190850469 0.02468052080839607 -0.06637338188393263 -0.09973453308950685 -0.1901060012136304 -0.05545750946519774 -0.04593064451981237 -0.2457778144453645 -0.2626262039786273 0.1425112129291271 0.1727657000581129 -0.1054986569098201 -0.1371247071410459 0.001901207627471988 -0.09306193482926263 0.03990911674809648 -0.0128352548343564 0.02145830321966708 -0.007454093160657391 0.0440877079243086 -0.04091073668638329 0.1081914084912545 -0.1226411605360468 0.1324853417358092 -0.03587875996378415 -0.1896948233077047 -0.02047925254539614 -0.1896858965124517 -0.1362398250717984 -0.2197879211718406 -0.05629422190579739 0.01661284994870063 -0.05928261424937083 -0.06173422574583626 0.009150243497176044 0.008463927768643081 0.03569559162454217 -0.05461035544237559 -0.08689860394885662 0.0633250971580071 0.08176239279849037 -0.009143676787157841 -0.1454959644324921 -0.2755088078954456 -0.04493425458356921 0.1369048179210895 0.01099027313249939 0.1491325083765025 -0.07903332453825454 -0.0475059989828 -0.07804853236487792 -0.1132024109017247 0.03687264763002904 -0.09693727638954523 -0.1641203648903012 0.008137362030265887 0.07790239195067276 -0.007417965999374761 0.1052492442917539 0.08293455497722163 0.1949214460152239 0.123616136193583 -0.1757309389277111 0.180272118327531 0.1335695428051971 -0.01029860917074492 -0.01751482522484987 0.02900845691654628 -0.1681265860187396 0.06620917713245131 0.1719683675897509 0.1738750829099581 -0.004946367245413996 -0.1882901509607811 -0.2528601930345671 0.03629724187322265 0.1910897795730758 0.003724751980160979 -0.06498140832162945 0.04116196868860341 0.1471630768356271 0.2210046852886617 0.00221841309168384 -0.215865981363856 -0.202178818511539 -0.0275938846722589 0.03800747552636148 0.2247877869973632 0.1840212974562547 0.09765991319687779 0.004809392038281994 0.04071906812897355 -0.1195753698926202 -0.1035699262364219 0.06881802834677214 0.06764482395989921 0.06892101299202479 -0.08259569793213223 -0.02918016175447827 0.0002245384748578281 0.06938837961199018 -0.005717885075285585 0.1177771476421493 0.01782836486097127 -0.06378044286399399 -0.2716681045649525 -0.2856897322818139 -0.01824045033500174 -0.2829714384188032 -0.1168395232962126 -0.1303626564599781 -0.1007631272813161 -0.05947474848602694 -0.06545696234274605 -0.0154766376230566
 0.01569232149832866 0.05762408878354139 0.03420225866647243 -0.02119958857014231 0.01954619142233941 0.04582364460046542 0.05029207996787283 -0.1324053985815297 -0.0208631486498862 -0.04799140176688873 0.01864493708422536 0.07513280281008484 0.06079324421525792 -0.02505109292568369 0.02441560098267307 -0.01116460738369358 0.06991442961961661 0.05484761479660315 0.01377598472876574 0.1106630326185564 0.0604639920934339 0.07295617062527572 -0.0524296006054953 -0.100538186061144 0.1545728839807939 0.0765693630596523 0.06364009756597314 0.01514730965444021 0.09441174341952728 0.1021660757346939 -0.02446600683950237 0.06422197614203663 -0.03138116026643659 0.1548981098479006 0.06001391025695314 -0.0272452992150813 0.04759106327695696 0.07407635635860012 -0.08424668935434639 -0.04456182457949444 0.01551081555714835 0.0192206173419753 -0.02944988427430172 -0.09101384158076453 0.008636224741197783 -0.04324193337765772 -0.1071800437899989 -0.08859816374975443 -0.04877384608027849 -0.006077968005854683 0.06701837646081675 0.006026893745657403 -0.06719785485039168 0.01959174401487702 -0.02871758727199368 -0.1440354065589862 -0.01661832843177122 -0.008298917681998162 0.00883308604410633 -0.06361536687888115 -0.03452659826807773 0.02977786412829717 0.01583207667907028 0.008938302300930597 0.05545043557625862 0.07561910225133421 -0.0212720499908211 -0.07212942031625424 -0.04451374958487679 -0.002634332489285928 -0.1190624811899472 0.07326843708034154 -0.01634002256608386 -0.02406903187892489 0.009593542661520071 -0.05547292358238935 -0.08803593263558736 -0.06734458474394862 -0.06903014119003915 0.02059332417942922 -0.02469840869899924 -0.1122305576755627 -0.02067857166869283 -0.0290055140375875 -0.09490307764695763 -0.01686479793338478 -0.02721918947780485 0.1282677375119308 0.2148224735018482 0.02981051908950314 0.09682435573254962 -0.007918266616295968 0.04627112122045982 -0.09721587373438964 0.04556085873383955 -0.018150469740472 -0.07836210297566899 -0.07496046293145836 0.1127865316741485 0.0003126120524620625 -0.1122192658056618 -0.1041326521740418 -0.002054303046481219 0.06300902694117791 0.1702146988919406 -0.001370993243195268 0.2061017050474953 0.04876611279767418 0.1556307968936774 0.05626731359081752 0.09142839511322569 -0.08213719751211672 -0.04266103730105629 -0.03449351913657218 -0.1796660642249315 -0.1851765265768939 -0.009734271582252856 -0.07373292854431807 0.07971542069465373 0.1838692434196808 0.1762784294063139 0.05707063714216844 0.0189822773890212 0.08868755232922518 0.01558692763157327 0.09728493512159878 0.03624566949418077 -0.05571107714536673 0.02553082931467361 -0.1069020097463224 -0.04938540062034046 -0.1117513287873347 -0.0697519681251523 0.04162969839620737 0.16547467627872 0.1770709408901246 0.1353525518859261 0.2094938601682437 0.09500158377531549 0.1705318930921429 -0.03927777328338185 0.09722042395493671 0.120190806209083 0.01886312265773115 -0.02896801983939038 -0.1037886627714614 -0.008342513325117575 -0.2049164145707852 -0.1411862717775849 0.08843290675582299 0.2418897980052817 0.08306849850769343 0.1922058939348811 0.1104518721093845 0.150144434440341 0.07230956851211298 -0.08085951517656917 0.1367887496221582 0.1032525516402202 0.03144138603523777 -0.1829190725307202 0.05285935722566965 0.02725327503660666 -0.05146747575662172 -0.1171469729185804 -0.02742324838565359 0.03895099854527993 -0.01855936784931429 0.1326584120685458 0.1922812404230997 0.2005968784900468 0.02763890002594052 -0.02901068610409588 0.06347692367610536 0.1192016274209842 0.03881873221322078 -0.05916622996574961 0.009217120931088183 0.03161842342539024 -0.0861433640542744 -0.06593432180758392 -0.1035923966402191 -0.001647461309921411 0.09022380496455468 0.1560414215447758 0.2409457386125922 0.0262856017261431 0.05765135080536008 0.04699673165334466 -0.07152639938553911 0.08723851112585053 0.05450418199906331 0.137950034877189 -0.02895599142540557 0.08726917978092232 0.03153729077220482 -0.03151564998769197 -0.005380567344770677 0.04125810062935616 0.1592193604119671 0.1489452741831881 0.04371381391341207 0.03064002278829719 0.01685335978867622 -0.03913059613159418 0.09051008580081862 0.002705047261865845 -0.03962987647457089 0.05168476678306837 0.01395706790121777 0.1197812760482085 0.05563639283434314 -0.08539483959946527 0.03113094533236041 0.1305148018753587 -0.07244453525418081 -0.01187428844057614 0.1244466164901549 -0.08661016513010165 -0.07185245205429691 -0.05824207568696902 0.01766093217647052 0.1162970910676252 -0.02478778500033705 -0.01182476284346511 -0.08262134991690673 -0.08423815576736945 0.06973290818286333 0.07522735931346784 0.01259126961255977 -0.1567817935769408 -0.03294195513151752 0.08117184078358479 0.1012339054112496 0.1645454777326178 0.1192128553368629 0.03134513755292164 0.01903817923622939 0.001485946952589447 -0.04480420186511035 -0.1075133927485583 0.04718149672449835 -0.06594702812377412 -0.01146936012045597 0.04994888275025851 0.08813116478764464 -0.005371872959866296 -0.05161573344189922 -0.02162774591640284 0.01584877605355777 0.02313903382842074 -0.01835883853815738 -0.03479415737938561 -0.02489049284078261 -0.09906600132463711 -0.06989969728013959 -0.01995122352552142
 0.1654243908266541 0.00291304569225667 -0.06711702511109954 0.1515527898332749 0.1239084058398953 0.2334944297021651 0.01812824850827977 -0.008004665336814359 -0.03917926609768745 0.1076253243038246 0.1046853061058655 0.008787428818512947 -0.06297007085074434 -0.1924690854704741 -0.1819710110669003 -0.1433560560471634 -0.0005969994669959404 0.03019008373061143 -0.1378960147595508 0.1002258169357793 0.1021152523308291 0.1035816526208006 0.1020028787743178 0.0826215230248816 0.04236490484938151 -0.06426497075799438 -0.06718495588852036 0.1023861221051861 -0.06088669151161383 0.03646855812863864 -0.01949685981692718 -0.113709487579255 -0.01133031523922559 -0.1649872658046548 -0.1050578614935317 0.01275987418676513 0.04601199291908676 0.07142200282229433 0.07041374049534473 -0.01613808755137969 -0.01086537747292362 -0.09208159377163695 0.06852804835362797 -0.009697798651475421 -0.1050584430305052 0.07171887668962446 -0.06364403755338945 0.1092221590245261 0.009355545991027463 0.01425323778582972 -0.1906771006272915 -0.08055100277664921 0.02885062054133835 0.2442366535118821 -0.001306690318989136 -0.06502012307009135 0.0006914764228735304 -0.07653927134538126 0.007890186984574391 0.1327188106996942 0.1049715557000851 0.01877273010298313 -0.02556934288055506 0.08055447568338694 -0.1933177731642951 -0.08090949889079964 -0.2348154748363473 0.0332835154024244 -0.02353692089204969 0.02884984644220386 -0.07319576584055547 -0.2093376039165203 -0.3316441237487512 -0.1604196613081702 -0.06900986521769388 0.159389549316045 0.08734278610554681 -0.08983674014977545 0.1242543608024511 0.2114147607398858 0.02503538751058693 0.04480417135014662 -0.01145538205910791 0.03468868114043374 -0.01680762735448934 -0.01682585948291789 0.04828733572125873 -0.1034663276122548 -0.06552198129405419 0.07353170352472563 0.138383796098948 0.1052885225979215 0.2773904634091146 0.05632025785919968 0.1485161403857326 0.2041749920988759 0.03039317084951483 0.06256361343319874 0.1175437553019721 0.07606459832412212 -0.04793237657003545 -0.1699356335214967 0.1359095402072144 -0.02630043266155773 0.05753141307191721 0.007410732806591367 0.04758913970132494 0.2482017375820105 0.1994122964393934 0.06041122858064234 0.2178160703794391 0.1398634560023739 0.04652739693425896 -0.0007399900474248649 -0.09091452978494358 0.2017290213334353 0.02872045716305652 -0.009067241063180409 0.06653975142823998 0.04231065528600977 0.07071322995821717 0.09340681167919526 -0.08898570697027591 0.03503811949216829 -0.1317801410231499 -0.0553329587909171 0.02160616323669654 0.0555853097818346 0.1205278326514197 0.007286665337172068 -0.08470168821919714 0.08718416111628396 0.07410476795946322 0.03153871115244913 0.109771517924641 -0.01394772927676479 0.1878392110706585 0.1336521788106917 0.0283670823632437 -0.006117170387371977 -0.1083828662478445 0.12045250182635 0.02652560538952814 -0.05540165039210723 0.0004228699117970318 0.01751647077385175 -0.02291115941762458 0.1159753466820751 0.08703365189559993 0.01997172769723584 0.08339207892252656 -0.01757005276657983 0.02449841810857534 -0.07156102058286454 -0.09290859885663744 0.1494426394540508 -0.02531833977632704 -0.1239072686995264 -0.0132552290936612 -0.1010532785732037 -0.09352586965756952 -0.04010557745088402 -0.09832653512534639 0.04197097482527466 0.1762024779171302 -0.007885441827478388 0.1455071884173927 0.1737248329928701 0.07876492472063545 0.08362810635513845 -0.06596857532893473 -0.000934329320165864 -0.04464116753755677 -0.2041120965729713 -0.132244887241756 0.004143288037073564 0.06566226529477885 -0.03850777632492518 -0.04068578595593439 0.07500931258043998 0.1137392623516875 -0.1073887948266119 -0.06338879837985922 0.1122949383767696 -0.02782964399765095 0.05529137770757082 0.09660040046226499 0.007985859197262168 0.048812967741638 -0.1414870634463277 -0.1625681261814176 0.0642920123072564 0.05227675530842592 0.05113686577987587 -0.1113473067628109 0.128689186955663 0.01420719136249233 -0.02364264295651661 0.02018252584598057 0.05496620855089353 0.08801628775496177 0.1444353708702438 0.1179172012478918 -0.1096147144270893 -0.06303521882266076 -0.08176271150688999 -0.1396774103930406 0.08048219834889504 -0.0001779175498508232 0.03681970947462899 0.009887115781505664 0.08338508063142588 0.04616120060014341 -0.07683723355804352 0.001137204376224059 -0.06501838717576704 0.1259198759857277 0.03121675392109156 -0.1786798744956036 0.02114014620526888 0.02654793589313567 -0.001415631179849393 0.08784578330652486 -0.006018759433365927 0.09682169015449942 -0.01101170524891577 -0.07762942993345355 -0.05341906396731366 -0.01371526979785375 -0.02286833954216096 -0.04975878971308729 0.06379963808255101 -0.04088260630152681 0.15616595838109 -0.04532026374489658 0.1588455795266613 0.02471390833877875 -0.07423315774796323 -0.01096482350685418 0.02937771030131485 -0.01947005195103967 0.03451566671621728 0.02660707529272353 0.07936241111811286 -0.01958300693129147 0.1015057376370332 0.01742363369321736 0.03055636621351453 0.1078623520164114 0.05114412490883846 0.05978242364541497 0.1390635444660681 -0.01504725299524096 -0.01740027562140799 -0.1493990291202238 0.02221368142647231 -0.02402954095811078
 -0.1453088230422293 0.01246138516707844 0.0002696187937060909 -0.07655060294584627 0.01476600394753024 0.06442982190505786 0.01727023435119551 0.1286676804852027 0.211930641424099 0.02054292450129004 -0.03140533592823434 -0.1878783615286675 -0.1068216968736746 0.05929848376208938 -0.03805976370255609 -0.1166553077724317 0.02196209286799656 -0.1544088247314762 -0.1059638339669677 -0.01642716753399271 -0.0495358927906363 -0.01112447636013016 -0.1086033348430959 -0.07203005156394099 -0.02193782332640821 -0.0132244978284687 0.005661143250116687 -0.2101719227919143 -0.05906652992182038 -0.1088258011124538 -0.1253628179327925 -0.06418191709173623 -0.07822039196129071 0.1032792209262691 0.1031859891897076 0.08577087720689908 0.19056749201447 0.04121027876855179 -0.07243149260058544 0.07722480980349167 0.08721883093062074 -0.08238109834815439 -0.1001622223923851 0.1196359317364381 0.02870556581531487 -0.02420827352922344 0.02370887247314559 -0.03636181666259695 0.01187888979918266 0.003397951998338476 -0.08211259891032886 -0.09735802312266603 0.06568191468603125 0.02938729660213344 -0.08771249695637359 -0.002920636159995848 -0.01152026717694344 -0.07470208405761569 -0.1276312107504841 -0.05315918887452629 0.0866436423204506 0.08690971949677907 0.1161696449480816 0.06233938814961726 0.005666437692245552 0.01223650000186059 -0.07657592653820423 -0.2381551307422257 -0.2689915549027279 -0.1914595131649507 -0.1728923896584987 -0.1279116286304234 -0.1861323983501916 0.01296227245343602 -0.08856775310895154 -0.138945804198722 -0.01974560235056311 0.03252828070811533 0.002610143749795985 0.00902500204363498 0.1369097791771167 0.0132968020052849 0.01129422176708389 -0.09743194710714294 -0.2489298133894459 -0.2200147334376026 -0.157934737410822 -0.01496196059516128 0.1906097340972053 0.2090746553150288 0.2146904646010751 -0.0502946103954189 0.06794918284955014 -0.1648799951536755 0.01698196732192262 0.06454191427476946 -0.05815976163193446 0.06209997724114799 0.05698360085106973 -0.1130732730544702 -0.1216188402032489 -0.02210109155390014 -0.004650353253906768 0.04591147202597282 -0.06581701133334411 0.107134601506498 0.1799639798118023 -0.0302425734359938 0.09898691129686379 -0.05394391780700905 0.092502077202419 -0.05887393473063716 0.1122291635959548 0.04773340119080717 -0.08300709282978472 -0.07912069994076788 -0.0451830238465535 -0.1225592639822592 -0.03833334820857612 0.3139783840422768 0.1545421535012221 -0.03911115438851046 -0.1143463725654406 -0.06568752627197087 0.06975072220279414 -0.01245315130546825 0.0351623278191108 0.1020967680121261 -0.01840946843749105 -0.1028235681099232 -0.1138552426028947 -0.114237597567599 -0.1376236181955406 -0.1970810546134215 0.02052749164428097 0.09708741642949073 0.08086982913811955 -0.07374497323405443 0.1036563377320587 -0.0658533368226544 -0.05727934495318106 -0.1442921389596715 0.1683279830356849 0.04138453589617552 0.00315242527537949 0.006987895357171652 -0.06960221075228182 -0.05948194381138464 -0.1848921687634194 -0.2164866402576938 -0.1266446341826694 -0.1125684653285575 -0.03781188370643067 -0.07394617453846201 -0.09704242736836445 -0.0995240100487285 -0.1265964311181473 -0.04309523060433167 0.09722014984368117 0.1147763002777444 -0.03896791090655885 0.03465549060715086 0.1142646470286497 -0.07826934065336087 0.01283451087875659 0.01289738414460555 -0.08233351801041065 -0.03951800585202216 -0.02516979296250279 -0.09242994929805964 -0.1877878707992192 0.01522882819150296 0.009636521867589752 0.1174292371670476 0.1719923639698941 -0.1101671229174286 -0.02656324070259971 -0.1091470872194718 0.02825098521382863 -0.007695861037122602 -0.05092289454568508 -0.07388408254185486 -0.2455405450272356 -0.04190132184178084 0.007341217180877505 -0.03986051417999609 -0.06258576694221257 0.04577950201843502 0.01758410437947067 -0.01486167439161478 -0.003925753214647518 -0.08600952460290076 0.07642212681155863 -0.05702699656297008 -0.08057398760186234 -0.1382610794228177 -0.03571972758097796 -0.175945843932517 -0.1205887209265235 0.02087038778287952 -0.09911753536610013 -0.1526444586080778 0.1090214187392441 0.05937913338162018 0.2169975050910372 -0.01563817911035889 0.005411913931703223 -0.02681205837611223 -0.08405156982331452 0.03415899221127055 -0.03947774555528973 -0.0242470087188517 -0.09179708406769518 -0.02909248312178893 0.03828560496147999 -0.07491010903576015 -0.06345976255968586 -0.01620637279195426 0.1696970031814935 0.04795072670896092 -0.005018660951112927 -0.04495433755450202 0.1069466638111605 0.06990444232159776 -0.0869039323151911 -0.1124831572442795 0.1692496564207923 -0.04271976430757978 -0.01594437333316863 0.06341658494827922 -0.01018084964385906 -0.04708324367750482 -0.09366000355466438 -0.1894939607147115 0.03540881043218323 -0.03316695325760951 -0.1044815299077746 0.07968897472019829 0.005969260454339118 -0.06023085751023537 0.04564431578870174 0.03492841407235132 -0.02923208186522233 -0.06634194102871882 -0.02634517481939171 0.105496782128642 0.07689540896323555 -0.09404148377989288 0.02721322413840933 0.05948588781371555 0.0002317708626374325 0.01001271690088459 -0.02927246181447183 0.05380645091034598 0.0211514441333021 0.01857939382415093 0.002835970711184386
 0.2413662140110636 0.004292635241688011 -0.1317235442109952 -0.07936094036182698 -0.09305076691653791 -0.1583037916698728 -0.1221312613112285 0.04160448901297434 0.2173390695380588 0.1281920919428988 0.05533824826134798 0.1189961745901012 0.1050325039840534 -0.1451823952754315 0.01909742343995204 0.04149640455173338 -0.03896585568689601 -0.03822747087559408 -0.1392904079695117 0.02399878466065884 -0.02306898490530556 -0.1669891166518399 -0.03102179447906007 -0.002723824523935674 0.01003040328162232 -0.1590399899973743 -0.1188321309804892 0.1013613118685422 0.1162336520156851 -0.170259313274033 -0.06923063416191197 0.02288932957969785 0.009394215069903847 -0.1062349779427597 -0.07074997105587043 0.005231317429451498 -0.03527791143749313 0.1350953255439872 0.1555333816850156 0.1171151021539713 0.1312536551578574 0.07158918192182689 -0.02950556807371027 -0.02569620526068427 -0.05168920184754018 -0.1534537402744735 -0.0371773142818308 -0.08907657572597233 0.06029485260878653 0.03017975869158649 0.03386838092629943 0.02538410710390444 -0.1104677741189181 -0.006759282165556592 0.05899332098740408 -0.1297270816404937 0.03636227766552122 0.07790475025886794 0.2074744221183002 -0.02046101400326496 -0.05793331797063568 -0.1063303127487611 0.02791588125264745 0.03723422524296106 0.1982864960091877 0.0311914664387503 0.2039191139114986 -0.1158435833705322 0.0790900319761096 0.1026129665670336 0.02607968902282285 0.1197421369265936 -0.03421393352760532 -0.03807407736553619 0.0688684139438584 -0.06979772659112796 0.103447631676536 -0.1412387425589969 -0.0466170728289621 0.01820450569398446 0.05408038734420981 0.0781296147600843 -0.006636333434125631 0.02059528027719978 0.1009012441674742 0.03548193459467831 0.1759176688744217 0.05285480665263174 0.09221390006572329 0.1060407279038334 -0.02297381361295399 -0.01713361584139693 -0.03974605124402582 0.004109245842047724 -0.1027625804943238 -0.08740141337637802 0.08497223010438072 0.03755595623863336 0.09974941950836957 0.1391110333256765 0.2158456171158004 -0.05081948772042938 0.07635994106316825 0.07681599911451666 0.09162724613145336 0.1581464634331671 0.05714008481815614 -0.00899236996261781 -0.08595592891214678 -0.143184466081648 -0.02956671599906958 -0.08850242066483172 0.1032339588995117 0.106493226267253 -0.0320006766449251 0.1132977289713426 0.1056786577543387 -0.05054234753358271 -0.0773753769577165 0.08893007697181138 0.03764645497678988 0.08469281767123388 -0.04481884046047683 0.09666793342557344 -0.01188519963086536 0.05693529593005067 -0.04466729323047589 -0.05761667311155267 0.1082794380600319 -0.0006018575261676105 0.05191076690181896 -0.02411760468549611 0.02487550447016364 0.09150410858351223 0.06670775835809924 0.04404562044107345 0.01870073055798464 0.0959871946476267 -0.05540821549982032 0.01714482843861929 0.0800569756037806 0.08189471741876962 0.08225139720981972 0.03495376530100516 -0.005041511438879135 -0.007337225796184645 0.1096461758661408 0.04771153286816123 -0.04507159874580827 0.04378232644947796 0.01465141262058136 0.06309077173388568 0.0117296522953086 0.03473256029351458 -0.06014388573681932 0.1291117106535539 0.03302500627582008 -0.03416215586335099 0.03192812001794272 -0.04629082093842737 0.01255553745133959 0.02359168709620241 0.020531424700322 0.06484759867704132 -0.003483378388021791 0.04008228245550429 0.1013505812114113 0.2515673878025586 0.07578449358757873 0.08489943886487526 0.001588778054925878 0.02629921739409047 0.03077179316499101 0.1182846216726786 0.0796480362373224 -0.02695943314861967 -0.0721004351617178 0.02341018883869604 -0.08248213059928867 0.1038471107917793 0.1015725695892376 -0.02789953380653655 0.206352278699153 0.03742115009174941 0.2164153439814095 -0.08750333517961006 0.0002103230738715855 -0.05780112238693004 -0.09918224740491294 0.07822799220897202 0.14482086915745 -0.04588741493562128 0.007247642605505268 -0.0190642122333162 -0.03156676447990577 0.05642597467229137 0.07005081436684507 0.1328225789930343 0.04336881352287974 0.01668835270723538 0.04417090484761423 -0.0733739079244317 0.003587387724157559 0.0356020355368294 -0.006516403471391707 0.1109535088892968 0.01845027274455104 0.08290511202674877 0.006855225893785962 0.1567494540122289 -0.07194518773078534 0.09761618960480456 0.01003522907298356 0.1612928993402789 0.05412088477906588 -0.1289909024106494 -0.0003301593434297877 -0.1452175099766654 0.03978371047240518 0.06598955320681829 0.1193669346915815 0.04444830486128218 -0.05214933010901124 0.01167221457579379 -0.03397789897890236 -0.07516099028510775 0.0990083533691542 -0.02234013180996747 0.06800415934864623 0.05974532374586058 0.01935483238061494 0.06277111838973019 0.1143608946454435 0.05088025585182979 0.09994596492869656 0.2044625980373199 -0.05468631346263974 -0.04598480028629697 0.0317564718548775 0.1055461590453912 -0.03995781270599687 0.06756868544679931 0.07315294581029713 0.005169174197604272 0.1566503303638798 0.01849487583865322 0.0621273400979468 0.01310020805635356 0.0790921264734939 0.04667115564426144 0.1083353957408764 0.0700223869916813 0.06800195137214446 0.1031463832264337 0.03937151082470801 -0.0250940322258399 0.005942155290592441
 0.04817092963066278 0.1306203445336777 -0.03937018991638205 0.03581568901256137 -0.06335605538228928 -0.08821255179286026 -0.09239134483354862 0.1221565699839994 0.1763984666608927 -0.01611130307843227 -0.001467405104675276 0.04937456941869447 -0.04496546513838311 -0.09606540846935792 -0.01406168750455975 0.04188893624375167 -0.04041124087533561 0.04226402711054381 0.01426303493264685 0.0233661592465157 -0.02008635634206548 0.000750395021400092 -0.1360956220058812 -0.06272718665457194 -0.02271438119018766 0.05548056131183084 0.08691027895137228 -0.05144671363186556 0.03343953920989844 -0.04836139365584995 0.0347821765264014 0.1432192984784387 0.09518691183379006 -0.01015678602692497 -0.09540362567464289 -0.05502642344138559 -0.1177869808300024 0.09505649687436883 0.1808749950411565 0.2310215727253066 -0.1005659937239445 -0.1100339197024799 -0.06241560599027792 0.03766993218845662 0.05265806607218677 -0.01213098199628147 0.058786233205528 0.1222779112674434 0.02765624310627116 -0.01212817342745014 -0.08831830894268175 -0.008270116064795822 0.01607819287493109 -0.0594419761476439 0.1343511727812038 -0.04816403315819067 0.03011246327748896 -0.1003870501305909 -0.01302489758117426 -0.0444778068323344 -0.1493200187038361 -0.07596843149409996 -0.03918862740409395 -0.09095683426944669 -0.008331397148714529 -0.03023937294116849 -0.05733673615976016 -0.1218978451059561 -0.01143090576092805 0.07918005448523116 -0.03141241435999768 0.1187854187283405 -0.03995582170731998 0.001958854850475922 -0.08047786321997193 0.06843455201110123 0.05978802489863607 -0.04374047225318278 0.1105511365850177 0.1541912081266267 0.2083858592492656 0.1423746495826488 0.1291800817642812 -0.08840686229172454 0.06438868968655698 0.13255611125834 0.01793296481073967 0.04353156210097819 0.0904900495845041 0.02404697855900472 0.04948284137159061 0.1937840783966467 0.0461964041729463 0.08547330022828525 0.1947260674734629 0.1179441255479114 0.009810724790664697 0.120250850220521 -0.06477082661925736 0.09991220806896293 0.01950179964948407 -0.001241057682613558 0.0135304871114706 -0.06314969669276529 -0.02974206445019105 0.01580289292187467 -0.008283214635503871 0.09234046980800242 0.1401719958007195 -0.02079255064499035 -0.01520035586617822 -0.09919510278083278 0.02836899965054765 -0.07212402431269528 -0.02822979393785885 0.2233206287475765 0.1617258665769527 0.01196176473458993 -0.03580898036064192 -0.0511234977729704 -0.1014252340361046 -0.09612473338336808 0.1100650996568918 0.1863239195663291 0.05767911524065305 -0.04410494068446764 -0.06030763048979146 0.1438602292983331 -0.03317971412832876 -0.02261741438119275 -0.154530528677028 0.03192592531513452 0.1461690043198429 0.1389459486069093 0.04209517630576692 -0.1353809430274527 -0.03926231877435819 0.1335594211429982 -0.01622028187578533 0.03132276890062234 0.06102676890993351 -0.1539907396806504 -0.03772736420794318 -0.1000893906830894 0.08149130728297904 -0.06717901280359297 0.02738576810194232 -0.1180379631565937 0.03667554626498385 -0.07120240120480044 -0.01561877628282349 -0.1207594621695717 -0.1653810879731994 -0.0603118165661486 -0.09977705106833103 -0.002131974114620273 0.04981271043072637 -0.1033687542125658 -0.2063570889381257 -0.03475505670798169 0.001783935985236908 -0.1915988103479717 -0.1616448117578156 0.01042800214487394 -0.101402410495985 -0.1179087954293483 -0.03344279569993826 -0.143815128530701 -0.2104525524077258 0.08594940189773306 0.2132855293003334 -0.0948476704295227 -0.01260589899136005 -0.05590571814084257 -0.1081145174717327 -0.1096768184821388 0.03260195503916886 -0.01425521181307993 -0.1406866658494663 -0.04077399908148099 -0.03641118059626527 -0.07454444504487862 -0.08016292081050787 0.04689823157288082 -0.07575026523884405 0.0465017972299514 0.1458831703117499 0.02860184543754214 -0.2005031326640891 0.03634489655826708 -0.1259871617792012 -0.1570088761500796 0.01802050630065322 -0.007965026808861403 -0.08002584822816339 -0.1736097624117048 -0.03945599999126188 -0.1333246839850978 -0.02955769324659409 -0.04418601789531412 0.01472068264922379 0.06463032904121231 -0.13936629601349 -0.1251333129338734 -0.2118361354467706 -0.02740378136913402 0.08745783107089966 0.07779375794035558 -0.08895735927335609 0.1289717021146929 -0.1663343485742511 -0.01206370828834839 -0.2159497906498111 -0.254621090371058 -0.1513284837395593 0.0454799636193342 0.06223726107243921 0.04347410129463872 0.02295011795752006 -0.04335285521112169 -0.1676798255843142 -0.004694986109507789 0.02788252898624207 0.02474168332969691 -0.03272449559899494 0.1162474614391639 -0.09581994230802514 -0.09220937867095669 -0.02211123341822835 -0.1415002916300618 0.01372224045691426 -0.02401808008118277 -0.1535201696679878 -0.2397311539426873 -0.0650454106180695 -0.04018235006113458 0.007229738335762423 0.09361720805138546 0.01022905317321273 -0.01389590918704066 -0.06490100823055184 -0.02666241971643708 0.07468207189108406 -0.1116716278089192 -0.05869329592731642 -0.03915753914772894 0.02968948457580785 -0.0342868656391868 -0.07993880814254167 -0.03495893622056696 -0.03353893519774493 0.1298842416048673 -0.05332343254120599 0.01352799262758444 -0.003127335954399838 0.05199185555808769 -0.0889855290233692
 0.1115571959203627 0.05908996703128119 -0.03943233992022895 -0.04349196068803329 0.04814526929548936 -0.05559743509989355 -0.0446634640360726 0.06105506455075013 0.03806657551797989 0.01342479588780631 -0.05040149020958878 -0.02260986375294209 0.0706657935964958 0.01502371280917601 0.1067874861037542 -0.0839784090839743 0.07990855329248847 0.06693823935539726 0.05119204337525781 -0.03912115157666461 -0.007686085765425967 0.03130812253728098 -0.05053251454950129 -0.03639988790138961 0.1566575055700853 0.01899241206628602 0.08282248791937069 0.09571146500860295 0.07456339631880125 -0.01596396273159174 0.01867475641862796 0.07257427707809391 0.05469710445100308 0.002276235436553026 0.02054957392613515 0.04671698481430012 -0.04752684567335465 0.0631974001717986 0.09356284256383499 -0.108438312943009 0.05600697130447474 0.05948621432415088 0.06581338468641501 0.07563277298616787 -0.04857040356462227 -0.07406852227246385 0.02797779249589301 -0.01176970496263654 -0.1202927016409778 0.003733423325303015 0.048433538369603 0.08955024983616022 -0.09488769884890712 -0.007021701999538393 0.09716608109577257 0.08608805498396692 0.06869253918045798 0.06176225471093862 -0.05421938523537047 -0.006034212144681639 -0.003679871846656246 -0.0683595482968333 -0.0271418770490721 0.04381169518018312 0.0244931892866851 -0.03694323857326383 0.01875513440258679 -0.01719913082151074 0.04287688626173692 0.03465104927288627 -0.02434858117338569 0.0854316461041541 0.0137586163812531 0.01642070250624694 -0.001696451970282884 -0.06424026503714302 -0.02768372714601382 0.1351983220373423 -0.03341752212399352 -0.03065156674445819 0.03537249163858158 -0.03037416623970438 -0.01188355543985682 0.05782770097670212 0.006028614987255027 0.03796681988105164 0.03467125661082475 0.1818085884307558 0.08448033760207542 0.07903722608749979 0.1369394706033597 -0.01793531938911119 0.05020022724861017 -0.09531278501920384 0.02594163414787953 -0.0364631146551514 0.07320536217018843 0.05303608713484313 -0.06261239075110138 -0.003056902974240853 -0.02873891091164222 -0.100152022655054 -0.1333900956793302 -0.05679104428761067 0.02889684960848507 0.1041093390577783 0.02057827567328673 0.003022999810907518 -0.002958417809977292 -0.009318310527254453 0.01971684897914817 0.0147467442271573 0.008324714972875761 -0.0152226335158111 -0.004730774897676664 0.005102646795668509 -0.06075233681434355 -0.02077424343858494 -0.01199852357238865 -0.03655798120060253 0.1020276289784033 -0.06959031965298007 0.0980207351398262 0.1493009916970773 0.1971589682547767 0.09021265435183644 0.0578201519053562 0.05453513258295279 0.1427051166156947 0.0446801665462106 -0.08504245474404346 0.04807758714823022 0.08340735708823989 0.04905870575675313 0.04814984728362146 0.1442561110225431 0.1019493935134916 0.01789586468769249 0.09369748463037209 0.0633530985742157 0.1361015297431431 -0.01240328042297626 -0.03222670248780413 -0.08536499574731383 0.0140307234315152 0.1718810870678055 0.0005084481664360085 0.141100447569997 0.02003807455911319 0.1259626542690758 0.02625930223990179 0.08030364311324045 0.05728828721865341 0.02743102992112193 0.1005496884333356 -0.02061727420816272 0.06855381150572093 0.138854516789502 0.04272615245366077 -0.1255145773303778 -0.002602527808617419 0.02289395696456226 0.00425981008263196 -0.1199802181459824 0.02998448394086402 0.03977996577588895 0.01160339506553348 0.09159918981735124 0.003086737031934065 -0.01043947544991663 0.1518907224911995 -0.09952752261667902 -0.05704300221133474 -0.01234796902033464 0.0991085899309737 0.01458173550848829 -0.1031517391347922 0.108990091356141 -0.008819364810539729 -0.04616773834706733 0.1081449120852887 -0.02870550275725273 0.02485946043081264 -0.008216482604653706 0.008279718783719159 0.03999610655344642 0.05294753575726057 -0.01106954860919787 -0.04829700381630102 -0.002824462018914009 0.2141721958710528 0.06049265623800895 0.1083722328191009 -0.006153318845435168 0.05694289191089322 0.08595771726229653 0.07906023048859638 0.007540486065895986 -0.05325232145605251 0.08404732781189775 0.05902273950393531 0.01649558480481276 0.009835363248353641 -0.07000134443630215 0.0145464988195602 0.06071362447629026 0.1043689397508454 0.1264819493942041 -0.1383264817615059 0.007506806074005708 -0.03697491024280684 -0.03934043446359335 0.09913555063047692 0.02105130325838092 -0.08990989643554434 0.08438513003628073 0.007865118944407985 -0.04394056189421776 0.1351190930330117 0.08038074255950069 0.1367818013630039 0.007757721901133369 9.537060710565362e-05 -0.007053742391447683 -0.07602129588448001 -0.06706441665025932 -0.08463065202346336 -0.03057932547087145 0.006931701563450896 0.1148820695982622 0.129565881394186 0.07456968056006048 0.2328561390573936 0.07832161980814377 -0.06883704777685422 0.07387690470759968 0.00673614795201351 0.07618784640581175 0.05848982420588187 0.01402087354954831 -0.0002464774670767459 0.0618211610973477 -0.1023155457295602 0.08450630853708917 0.0440891071419371 0.01683574049178384 -0.1415074409955309 0.0709786908813789 0.1233561050652741 0.04728071404592566 0.1001124170121532 0.06366282897902954 -0.04604601809535475 -0.04025901173145084 -0.03179740489271533 0.08628260181997204 -0.01024904863073737

# name: <cell-element>
# type: string
# elements: 1
# length: 5
f_ccs

# name: <cell-element>
# type: string
# elements: 1
# length: 6
df_ccs


# name: <cell-element>
# type: cell
# rows: 1
# columns: 5
# name: <cell-element>
# type: matrix
# rows: 10
# columns: 1
 -0.01077733418253248
 0.007226557456287959
 -0.01150026154198322
 0.9849474374193885
 0.03791246025216511
 0.01456661963356351
 -0.01292346607657737
 -0.01338509021754637
 -0.009517829098374257
 -0.007511952236320901

# name: <cell-element>
# type: matrix
# rows: 10
# columns: 1
 -0.01077733418253248
 0.007226557456287959
 -0.01150026154198322
 0.9849474374193885
 0.03791246025216511
 0.01456661963356351
 -0.01292346607657737
 -0.01338509021754637
 -0.009517829098374257
 -0.007511952236320901

# name: <cell-element>
# type: matrix
# rows: 10
# columns: 11
 0.1256360440631573 0.003589374794889056 -0.4981779516209365 0.007007324635919444 0.004934616484593988 -0.003119665946015602 -0.001757354412437603 -0.003346502540312476 0.0008616535665798757 -0.0006350950876056378 0.4309311311895745
 -0.3215091942789391 -0.1317298005073081 0.240038572423643 -0.01562028017529022 0.3989534557237132 0.008140684355481763 0.4183731872807558 -0.4478217979924416 -0.001299906521200191 0.005700902497481349 -0.4159366640464764
 0.4718718854822654 0.002714133769295607 0.1565625639891328 -0.01308612105721703 -0.003305904288279562 0.002592815523397409 -0.002392569636975308 0.39686573225939 0.01650513908756809 0.002225987987758533 -0.07790226541120414
 0.2839402491869603 -0.001265037102226431 0.3374066839212316 0.4422255191856365 0.003577276454501153 -0.005714660694589778 0.003522445112308078 -0.0006852494451790141 -0.006578014988716936 -0.01224674335067099 -0.06791733007522414
 0.1637728078745689 0.1482565364307818 0.1486754841284081 -0.00301777496089984 0.062187441243784 -0.00141860770566475 -0.5195715419037685 -0.06576970082425725 0.00153943503986503 0.006929905135458591 0.1061824877289089
 0.08263962570028435 -0.4028910561319733 -0.1314303604671279 -0.008687284526993327 -0.1539697466977042 0.02066254101920459 0.06888046127409496 0.1645161682552012 -0.003345905884437553 -0.0005891941966802888 0.402500670566051
 0.2096514140587648 0.001664981711347747 -0.01725229152053815 -0.02543053059851658 -0.003240521701832947 0.0005965045573350595 -0.0009919488242703313 -0.003429000613019379 -0.4639798815172866 -0.007620667904848457 0.3280078563930279
 -0.1555546984511802 0.3832890820822689 -0.03948883558686899 -0.0778348073652943 -0.3062711545361095 0.3318638704230921 0.008783017455430402 -0.04691779710012717 0.0670020568634233 -0.3304303242435879 -0.7902728461065335
 -0.4041068600196044 -0.008047711784483678 -0.1851675721577568 -0.3052160117897698 0.0009755666794632075 0.00125744575980609 0.0102099777216005 0.002239542076449671 0.3862548834795086 0.3366615437478771 0.06532705515384403
 -0.01510307647002784 0.005136173254961234 -0.00236879674420534 0.009610686474240581 -0.002557523946305833 -0.3547658162281682 0.009253019285011176 0.002927048255704377 0.0008588833274610035 0.001725347374841777 0.3613998830468609

# name: <cell-element>
# type: string
# elements: 1
# length: 9
f_sorties

# name: <cell-element>
# type: string
# elements: 1
# length: 10
df_sorties


